   1.0000000e+00   2.4186810e-01   1.4382295e-01  -7.3926942e-01   4.5197835e-01   7.9725665e-01  -2.4565775e-02   7.5958740e-01   4.9518429e-01   5.4409370e-01   7.9512137e-01
   2.0000000e+00  -1.2219084e+00  -4.3320467e-02   9.4784799e-01   8.1022823e-01  -9.8949226e-01  -1.8417214e+00   1.0547713e+00  -3.4527683e-01  -8.8978568e-01  -4.4624223e-01
   2.0000000e+00   6.5067211e-01  -1.7190229e+00  -5.7713946e-01  -2.1120154e+00   9.1144761e-01  -9.4359343e-02  -2.2514671e+00  -1.8301139e+00  -1.3594468e+00  -1.0392448e+00
   2.0000000e+00   1.1753011e+00  -1.4559088e+00   2.3219478e-02   9.3838694e-01   2.1736379e+00  -1.2361290e+00   1.0613934e+00   1.6581773e+00  -7.9275282e-01  -1.9208442e-01
   2.0000000e+00  -5.3016488e-01  -3.3906094e-01   2.9758704e-01   9.6756666e-01   1.4591489e+00  -1.7490124e+00  -1.0596387e+00  -2.3665021e-01   2.3472054e-01  -2.8306908e-01
   2.0000000e+00  -5.6051875e-02   6.0348236e-01  -1.2687768e+00  -1.8112412e-01  -1.4702692e+00   1.0163477e+00  -6.0109834e-01  -4.5601281e-01   6.0052035e-01  -1.9551576e+00
   2.0000000e+00  -3.8245854e-01  -6.5017472e-01  -7.0290712e-01   1.5377682e-01   1.3280999e-01   1.4678736e+00  -8.6115157e-01   1.9836305e-01   3.6403051e-02   4.9126806e-01
   2.0000000e+00  -1.7480886e+00  -6.7082276e-01  -8.6988883e-01  -8.7992526e-01   7.5177408e-01  -7.9515252e-01  -9.3015721e-01   6.5892668e-01   6.9684993e-01   1.6096792e-01
   2.0000000e+00  -7.3458407e-01   2.5304389e-02  -1.1119862e+00  -7.4110931e-01   2.6043302e+00   6.9270789e-01  -2.4273222e+00  -4.0603902e-01  -6.4985966e-02   9.7804290e-01
   1.0000000e+00   6.8538412e-01  -3.9853932e-01  -1.1750660e+00  -3.8294537e-01   1.2665628e-01   5.2953202e-01   7.3961749e-01   8.3372401e-01  -5.5086095e-01  -1.1732419e+00
   1.0000000e+00   3.0155773e-01  -4.1792166e-01   8.3755702e-01  -7.7621651e-01  -6.6863676e-01   2.1551813e-02   1.3354222e+00  -4.6891084e-01  -1.1484429e+00   2.5880587e-01
   2.0000000e+00  -7.5662584e-01   6.8949430e-01  -7.2945362e-01  -3.9978444e-01  -5.4836808e-01  -3.7623945e-03  -1.0603770e+00  -5.5098410e-01   2.1992810e-01   6.6990816e-01
   2.0000000e+00  -7.6899404e-01   1.1640130e+00   6.0760010e-02  -4.1950973e-02   1.1988308e+00  -9.9590840e-01  -8.5611390e-01  -7.7214968e-01   8.0159015e-01  -1.9488483e-01
   2.0000000e+00  -5.4484514e-01  -1.1662959e+00   1.1556709e+00   2.5231975e-01   2.3507453e-01   1.5850749e+00   9.9746366e-01   1.6071200e+00  -1.7871893e+00   5.4462113e-01
   2.0000000e+00  -2.0217873e+00  -7.7174686e-01  -1.9476933e+00  -2.4820586e+00   8.8701598e-02  -6.3737062e-01  -6.8733609e-01   3.2272654e-01   1.7822128e-01   1.2851613e+00
   2.0000000e+00   6.4198118e-01   1.2494166e+00  -3.1305090e-01  -5.6241618e-01   1.0027454e+00  -7.6570447e-01  -2.8162101e-01   6.7990842e-01  -1.2456387e+00  -3.7975556e-01
   2.0000000e+00   6.8286698e-01   9.2205464e-01  -2.8311729e-01   7.1528800e-02   8.8462478e-01   4.6832640e-01   1.9276986e+00   1.9789328e+00   1.0769105e+00  -9.5248459e-01
   2.0000000e+00   9.7383827e-01  -1.4142263e+00   8.6160641e-01   3.7402191e-01   2.2183034e+00   1.5685559e+00   4.9960678e-01  -1.7413632e+00  -5.7446441e-01   2.8967492e-01
   2.0000000e+00   8.2230688e-01   1.4892274e+00  -6.6140688e-01   1.1934809e-01   1.9782483e+00  -1.1215572e+00  -1.0119261e-02   1.3027469e+00  -2.9641212e-01  -1.5770761e+00
   2.0000000e+00   1.9745974e+00  -1.1498080e+00  -1.4720251e-01  -1.2364791e+00  -4.4367995e-01  -7.0466358e-01   5.8854660e-01  -8.5858079e-01   1.0247797e+00   6.9162211e-01
   2.0000000e+00   1.4161755e+00  -2.7598787e+00  -1.3831944e+00   2.2255953e+00   1.6323767e-01   8.1683557e-01   5.1574528e-01   4.4988542e-02  -2.0497578e+00  -4.1233453e-01
   2.0000000e+00  -8.0796624e-01   1.9009660e-01   6.4764134e-01   1.8779874e+00  -1.3835158e+00   4.5976373e-01   1.2524027e+00   4.9436042e-01   7.2102340e-01  -7.7682106e-01
   2.0000000e+00   7.0776743e-01  -3.7915802e-01   8.7123075e-01   6.2015450e-01  -1.0790981e+00  -1.2920030e+00   8.7020326e-02  -1.0112727e+00  -5.3196010e-02  -8.4031829e-01
   2.0000000e+00  -1.8762073e+00  -1.0798994e+00   2.2735347e-01   7.9334155e-01  -9.3527166e-01   1.3248567e-01   1.5545165e+00   7.2285877e-01   4.3539928e-01   4.5316983e-01
   2.0000000e+00   5.5263491e-01   2.2442093e+00   1.1550051e+00   1.8855055e+00  -9.0913465e-02   1.5971892e+00   2.2979298e+00  -5.9422145e-01   5.0073955e-01  -5.6130978e-01
   2.0000000e+00  -1.6747975e+00   2.2848529e+00   4.3434632e-01  -5.9198300e-01  -7.1471746e-01  -1.0898675e+00  -6.0184418e-01  -8.2288814e-01   4.8198288e-01  -1.0788991e+00
   2.0000000e+00  -2.2589873e+00  -6.6384518e-01  -1.4207427e+00   5.8975285e-01   1.2033717e+00  -1.8653004e-01  -2.6426394e-01  -1.7084173e+00  -2.0559042e+00  -8.5348846e-01
   2.0000000e+00   7.7894873e-01  -1.4388251e+00  -4.1124175e-01   1.4607716e+00   1.0617721e+00   1.1527537e+00   7.6631522e-02   4.5192798e-01   2.5279729e-01   2.1062795e+00
   2.0000000e+00   1.5712439e+00  -1.3175004e+00   1.5225437e+00  -9.1994195e-01   6.1860674e-01  -7.8805051e-01   7.8435932e-01   9.1185127e-01   1.4509593e+00   1.3658124e+00
   2.0000000e+00  -1.0955792e+00   2.3184488e+00  -1.0774061e+00  -6.2837900e-01  -3.1299791e-02  -4.8520218e-01  -3.0513697e-01  -1.5460114e+00  -1.5210236e+00   2.0881345e-01
   2.0000000e+00  -1.0291806e+00  -1.4682986e+00   8.0873183e-01  -1.3196849e+00  -7.5120899e-01  -7.5008446e-01   1.3154416e+00   2.8107392e-01  -1.0889477e+00   6.4693465e-01
   2.0000000e+00   2.1549570e+00   5.9040227e-01   8.8931781e-02   1.5427145e-01  -2.1578415e-01   1.9418903e+00  -9.2743270e-01   5.8471424e-01   1.7085848e+00  -1.4561923e+00
   1.0000000e+00   1.4676470e-01   4.2416111e-02   8.5114210e-01   1.8755854e+00   1.6136817e-01   2.1884218e-01  -6.0935678e-01   3.3615154e-01   1.1464718e+00  -1.0035550e+00
   2.0000000e+00   1.9989919e-01   1.2285542e+00   9.1124041e-01   2.7072016e-01   1.7208985e+00   2.5271571e-01  -2.6582238e-01  -1.4234216e-01  -2.8115637e-01   2.0583532e+00
   2.0000000e+00   1.1225199e+00   8.4694704e-02   3.1751121e-01   1.2528146e+00   6.7612626e-01   2.1556341e-01  -8.0904262e-01   1.7852901e+00  -3.6653598e-01  -8.7788534e-01
   2.0000000e+00  -1.5589530e+00   3.7932716e-01   5.1978579e-01  -2.2449212e-04  -6.1452767e-01  -4.6317389e-01   2.1631070e+00  -6.7505181e-01  -1.1012071e+00  -1.4976604e+00
   2.0000000e+00  -4.8357199e-01   3.5766526e-01   7.3613549e-01  -9.3415066e-01  -1.3624828e+00   4.9057764e-01  -3.2361885e-02   3.8609903e-01  -1.0419440e+00  -5.3264941e-01
   2.0000000e+00  -5.5350206e-01   1.0238055e+00   1.0099733e+00   8.4452932e-01  -2.6593806e-01   5.8741761e-01  -9.0110645e-01  -1.2099555e+00   7.9530464e-01  -9.0448498e-02
   2.0000000e+00  -4.0217365e-01   8.4741680e-01  -3.8765469e-01   7.9717434e-01   7.0437627e-01  -1.2263734e-01   9.6249017e-01  -6.0105615e-01  -3.2137984e-01  -2.6129053e+00
   2.0000000e+00   3.5719062e-01  -9.9739664e-03   4.7881572e-02   8.6404975e-01   1.2851331e+00   8.1290201e-01   1.3044002e+00  -8.6780054e-01  -7.1216963e-01  -4.9669956e-01
   2.0000000e+00  -3.8400237e-01   2.2297811e-01   1.4693509e+00  -1.1386850e+00   1.5149732e-01  -7.6067025e-01  -3.9427740e-01   5.2886708e-01  -5.5780892e-01  -5.0404188e-01
   1.0000000e+00   1.9387945e-01  -2.1572250e-01  -5.6875360e-01  -8.7177957e-01   7.6213887e-01   1.0265197e+00   1.3931759e+00  -4.2273131e-01   1.3046904e+00   1.8089178e+00
   2.0000000e+00  -8.7523296e-01   1.3369443e-02   4.8239247e-01   2.0650913e+00   1.1094135e+00  -4.1250352e-01   5.2341527e-02  -3.9744227e-01   2.0315271e+00  -1.2044029e+00
   2.0000000e+00   5.1124324e-01   1.2516086e+00  -6.4179556e-01   1.1432438e-01  -1.0962044e+00   1.5837054e+00  -1.9223833e+00   5.1788400e-01   2.4068538e+00   4.0550424e-01
   2.0000000e+00  -2.1485401e-01   1.0613326e+00  -4.6398025e-01  -3.5483760e-01   1.3145178e-01  -5.4802847e-02   8.8669632e-01  -4.3094263e-01   4.7365345e-01   1.1777108e+00
   2.0000000e+00  -1.0256835e-01  -1.4793149e+00  -4.9233360e-01   3.5921174e-01  -3.3897527e-01  -1.4252810e-01  -5.5615418e-01  -7.2285375e-02   1.1354088e+00   1.0222644e+00
   1.0000000e+00   5.8829985e-01   4.8750597e-01   1.4563578e+00  -6.5696333e-01  -2.5483480e-02  -7.6857106e-01  -2.8977362e-01  -3.8807307e-01   4.3005432e-02   3.7039946e-01
   2.0000000e+00   2.7000093e-01  -2.5245014e-01  -1.3451212e+00   1.8975132e+00  -9.6721390e-01  -8.6619493e-01   1.3089555e-01   5.3096118e-01  -1.4132577e+00  -2.6691338e-02
   2.0000000e+00  -7.6636497e-02  -1.0249063e+00  -1.0612980e+00  -1.3874904e-01   9.8016505e-01  -7.9261095e-01  -3.9842229e-01   1.8079503e+00  -8.6067880e-02   1.5558283e+00
   2.0000000e+00  -9.7198062e-02   2.2131011e+00   1.1875174e+00   1.0087438e+00   2.4374878e+00   1.6881182e+00   1.1135792e+00  -7.4809494e-01  -1.0719454e+00  -3.7336050e-01
   2.0000000e+00  -9.9969698e-01   7.2602264e-01  -1.6708497e+00  -8.3578076e-01   1.2679035e-01  -1.0795699e+00   1.3607505e+00  -9.1460355e-02  -3.4431561e-01  -1.0257354e+00
   1.0000000e+00   5.4362164e-01   2.2352907e-03  -3.7947744e-01   8.8924221e-01   1.6534590e-01   2.5055621e-01   8.8181500e-01  -5.3245550e-01  -9.8942630e-01   1.7648050e-02
   2.0000000e+00   1.7166808e+00  -1.3162827e-01  -6.2458027e-01  -2.5422932e+00   4.8642028e-01   9.1506311e-01  -1.2597141e+00   3.9546344e-01   1.9667211e+00  -1.9966413e-01
   2.0000000e+00  -6.9767147e-01  -1.5303707e-01  -9.4727973e-02   1.1080186e-01  -2.0062230e+00  -1.2870632e+00   2.2143673e-01   5.0460974e-01  -4.0769184e-01  -7.7907100e-01
   2.0000000e+00  -1.3801913e+00   6.9739280e-01  -2.3255110e-01   1.8566025e+00  -9.6480919e-02   1.1848561e+00   7.0601125e-02   1.1279575e+00   1.7529518e+00   8.6306768e-01
   2.0000000e+00  -4.0617015e-01  -1.2486064e+00  -9.7415620e-01   1.6265301e-01   3.5622045e-01  -1.1266678e+00  -1.4425745e+00   1.1085702e+00  -2.4999243e-02   1.0929066e+00
   2.0000000e+00  -6.1664636e-01  -9.7574508e-01  -2.9873072e-01  -7.1608789e-01   9.1148443e-03  -1.4142880e+00  -4.6982289e-01  -9.1562962e-01  -1.2791764e+00  -4.3263260e-01
   2.0000000e+00   7.4076976e-01  -1.9924200e+00   1.5111403e+00  -5.0419457e-01   1.6472368e-01  -3.6598884e-01  -4.7428339e-01   4.8472551e-02  -1.1649201e+00   7.3501246e-01
   2.0000000e+00   1.3311641e+00   2.9904858e-01  -4.8463007e-02   3.9601963e-01  -1.8927260e+00   1.3424191e-01  -1.2755158e+00  -5.3567313e-01  -1.0069535e-01  -9.9898932e-01
   2.0000000e+00   8.0324049e-01   3.9283642e-01  -3.2058430e-01  -2.3760200e-01   6.8348508e-01   1.9764607e+00   5.9399145e-01   1.8250213e+00  -6.3292260e-01   8.4368675e-01
   2.0000000e+00   1.2575027e+00   2.4038416e-01  -1.1103937e+00   6.2537114e-01  -1.9341393e+00  -2.7829882e-01  -1.3596449e-01  -1.3415748e+00  -3.5815503e-01   8.6272369e-01
   2.0000000e+00  -5.7284084e-01  -3.5681090e-01   3.7784727e-01   9.7664157e-01   1.1430214e+00  -6.3979875e-01  -4.9733262e-01   5.7568254e-03   9.0091391e-01   6.9878722e-01
   2.0000000e+00   1.5759384e+00   2.6899148e-01   1.0601955e+00   5.6510701e-01  -5.5028718e-01   6.3933597e-01   8.9753712e-01   2.0977556e+00   3.0698484e-01   3.5789021e-01
   2.0000000e+00  -6.1677362e-01  -5.9798137e-01  -1.2025357e+00  -8.2226738e-01   1.0829195e+00  -5.3734487e-01   5.7896364e-01  -8.3490354e-01   1.6168516e+00  -5.9410595e-01
   1.0000000e+00   1.8283182e-01   8.4751246e-02  -7.2305643e-01  -1.2117334e+00  -8.5584154e-01   2.3755043e+00   4.3433673e-01   6.7080927e-01  -3.9546670e-01  -4.1745371e-01
   2.0000000e+00  -1.2593136e+00  -5.4285389e-01  -8.4540408e-01  -1.1798973e-01  -2.1164404e+00   9.7181384e-02   1.8865523e-01  -4.1190955e-02  -6.1402381e-01   2.1712211e+00
   2.0000000e+00   1.9357640e+00  -2.0244575e+00   1.4943826e+00  -1.0024966e+00  -9.0692846e-01  -1.5116135e+00  -2.3943544e+00  -1.3859543e+00   2.2179757e-01   1.3431906e+00
   1.0000000e+00   2.1571071e-01   5.9708655e-01  -7.6487572e-01   1.4616065e+00  -4.0512149e-01  -7.1613698e-01   1.8366740e-01   1.6303766e+00  -5.2506005e-01   8.6477655e-01
   2.0000000e+00  -9.1757399e-01  -1.0880788e+00  -1.0916377e+00  -7.7098713e-01   7.0054272e-01   3.4320527e-01  -1.5291970e-01   1.2837441e+00   1.3787399e-01   4.0510729e-01
   2.0000000e+00  -1.3703020e-01   1.1606605e+00  -4.7138074e-01   3.4424540e-01  -1.6396107e+00   2.1199320e+00  -2.7101117e-01  -8.8917231e-01   3.9129818e-01  -1.5375296e+00
   2.0000000e+00  -1.3176720e+00  -8.9489935e-01   1.8786519e-02  -3.6860426e-01  -4.2516561e-02  -2.0612478e+00   1.1605714e+00   1.0434203e-01   2.2839443e-01  -1.4187780e+00
   2.0000000e+00  -5.6198456e-01   1.0887550e-01  -6.0883096e-01  -6.8572519e-01  -6.3443038e-01  -2.6366095e+00   8.2553583e-01  -1.0536343e+00  -1.2309494e+00   4.9992477e-01
   2.0000000e+00   4.6473732e-01   4.0564180e-01  -1.4823045e+00   5.9214198e-01   1.0146625e+00   3.4062928e-01  -7.8617141e-01   1.2233627e+00   7.5690175e-01   2.3500819e-01
   2.0000000e+00   1.1851387e+00  -1.0174802e+00   9.6996518e-01  -1.1001391e-01  -5.4838792e-01  -1.1428825e+00   1.9778562e-01   8.6830186e-01  -1.2987575e+00   2.6126072e-01
   2.0000000e+00  -8.0783177e-01  -1.4089278e+00   1.2916287e-01  -1.1560840e+00   3.1265853e-03  -7.1777530e-01   8.1772513e-01  -2.1110204e-01  -4.6345637e-01   8.3988258e-02
   2.0000000e+00  -6.0227344e-01   1.3866251e+00   4.9995135e-01  -7.5602885e-01   4.7121771e-01   3.3235498e-01  -7.8661734e-01  -7.7048902e-01  -1.5935425e+00  -1.5365949e-01
   2.0000000e+00  -1.6429518e+00  -9.9976614e-01  -1.8031846e-01  -4.4735153e-01   5.1092789e-01  -5.9455404e-01   1.3044746e+00  -1.6092420e+00  -9.3131264e-01  -1.5495376e+00
   2.0000000e+00  -2.2908772e-01  -1.5067790e+00  -8.1343704e-01   1.5580674e+00   1.0215972e+00  -1.1527305e+00   3.7012563e-01  -5.7126543e-01   1.5828137e+00  -1.8628115e+00
   2.0000000e+00  -1.0394111e+00   9.8168784e-01  -1.0298684e+00   2.6097653e-01  -6.4648636e-02  -8.4610036e-01  -4.4286791e-01   1.2472265e+00  -1.8054508e-01  -2.3749604e-01
   2.0000000e+00  -1.8103360e+00  -1.7419483e+00  -1.1305086e+00   1.7755245e+00  -5.7463882e-01   9.9479482e-01   5.9756474e-01   1.2046514e+00   5.7057989e-01   9.4754489e-01
   2.0000000e+00  -1.7018736e+00  -8.3434996e-01  -4.2685481e-01   1.1542642e+00   1.6438186e+00  -5.1546551e-01  -1.2387757e+00  -9.3960671e-01   1.3263376e-01  -1.9937665e-02
   2.0000000e+00   1.0177821e+00  -1.3259800e+00   2.6523177e-01  -7.2372594e-01  -3.4898669e-01  -1.1210781e+00   4.9326487e-01  -1.2717965e+00  -7.2062224e-01   8.9643701e-01
   2.0000000e+00   1.5210884e+00   6.6938946e-01  -1.6900442e-01   6.7567225e-01   6.8484337e-01  -1.2451419e+00  -1.8792059e-01   1.4899398e-01  -1.0500138e-01  -3.8929612e-01
   1.0000000e+00   6.0175730e-01  -1.8576702e+00  -1.8135493e+00  -3.9389570e-01  -6.4998718e-01   1.0324499e-01  -6.4827799e-01   3.1471555e-01   7.8922554e-02  -2.5586650e+00
   1.0000000e+00   1.7737503e-01   1.6426689e-01   1.0007063e+00  -5.3991917e-01  -7.1883481e-01   6.3671944e-01  -2.3427150e+00   1.0545932e+00   1.1789547e+00  -5.8791558e-01
   2.0000000e+00  -2.1950128e+00  -9.2374728e-01  -5.8647954e-01  -8.2149105e-01   1.2307652e+00   1.5020075e+00   6.0580318e-01  -1.5401118e+00  -1.9039744e-01   1.3339179e+00
   2.0000000e+00   1.5076614e-01   5.3320671e-01  -3.4044906e-01  -1.2254937e+00  -1.3557614e+00   9.9791830e-02  -9.0043774e-01  -4.9577582e-02   8.9808847e-02   3.3129628e-01
   2.0000000e+00  -5.8690162e-01   7.5954762e-01  -8.5881500e-01  -1.8342000e+00   6.6550565e-01   5.9341841e-01   1.3627468e+00   1.2394697e-01   1.5362438e+00  -1.1752849e-01
   2.0000000e+00  -7.8464239e-01  -9.6969294e-01   4.0418169e-01   4.4021278e-01   4.2752207e-01   1.2935451e+00  -1.0435570e-01  -2.1088077e-02  -8.6161747e-02  -2.2159475e-01
   2.0000000e+00  -7.9335457e-01   1.2720917e+00   1.4034288e-01  -7.4164681e-01  -1.4767756e+00   3.5752181e+00  -1.2612082e+00  -1.0772445e-01   6.8782444e-01  -7.2886454e-01
   2.0000000e+00   9.6397238e-01   1.3299225e+00  -1.7436573e+00   8.9268020e-01   2.5278486e+00   3.1844865e-01   4.3905175e-01   1.3110399e+00  -1.3412049e-01  -3.5104581e-01
   2.0000000e+00  -1.0291274e+00   9.2953205e-01  -1.6150853e+00  -1.0963123e+00  -1.3802723e-01   4.3784264e-01   7.1424253e-01  -7.4285688e-01   1.0073448e+00  -2.1812096e+00
   2.0000000e+00  -6.4552964e-01  -2.8486685e-02   7.8237207e-02   3.5513841e-02  -3.8032123e-01  -5.7890547e-01  -1.0235115e+00  -7.4175535e-01  -1.5196564e+00   6.3103226e-01
   2.0000000e+00   5.1594318e-01  -2.1762258e+00   1.2888758e+00   8.6300690e-01   8.7751486e-01  -4.5852869e-01  -2.6417947e-01   2.0294749e+00  -2.0236016e+00   4.6960155e-01
   2.0000000e+00   9.7970218e-01  -1.6838470e-01   8.9009062e-01   1.2907727e+00  -2.1248492e-02   6.3350159e-01  -1.4266036e+00   2.0995060e+00  -6.5967739e-01   6.1124304e-01
   2.0000000e+00  -6.5877847e-01   1.3633135e+00   1.0379439e+00   9.2703313e-01  -1.2348158e+00   5.2243267e-01  -2.0540217e-01   1.0047661e+00  -8.5956622e-02   5.4726170e-01
   2.0000000e+00  -1.9423472e+00   2.8494329e-01  -1.6686842e+00   1.7597083e+00  -9.0515066e-02   7.8742205e-01   3.2888122e-01  -6.8557048e-01   1.3121726e+00  -2.0495116e-01
   2.0000000e+00  -4.7741828e-01   2.9027032e-01  -8.0458480e-01   1.4797826e+00  -5.0264532e-01   7.3590462e-01   6.3376653e-01  -1.0552563e+00   2.5700434e-01  -6.4699544e-01
   2.0000000e+00  -2.8020552e-01  -8.1680631e-01  -5.5846570e-01   1.8625418e-02  -9.0736716e-01  -2.5459103e-01   1.8699234e+00  -2.1285919e+00  -2.1939565e-01  -1.5054745e+00
   2.0000000e+00   6.4081531e-01  -5.9906697e-01  -2.2012914e+00   1.9219544e-01  -1.3934372e+00   5.1883540e-01  -4.7911612e-01   8.7417633e-01   1.6648396e+00   1.0358612e+00
   1.0000000e+00   5.0747055e-01  -1.1782242e+00  -9.9719852e-01   6.5162205e-02  -9.2015094e-02   2.0469012e+00   2.0648009e+00   6.5563456e-01  -9.6781085e-01   1.3059867e+00
   2.0000000e+00   2.5761083e-01   1.0535623e+00   1.8230982e+00   1.0063042e-02  -1.0231999e+00  -1.2163765e+00  -1.7860340e+00  -2.8709005e+00   4.5097280e-01  -2.1000338e-02
   2.0000000e+00   1.4254739e+00   8.3696970e-01   6.0864570e-01   6.0979128e-01   2.0676455e+00   1.3546205e-01  -4.4851146e-01  -1.3154329e+00   1.0423910e+00   3.9379873e-01
   2.0000000e+00  -8.5931839e-01  -8.0087854e-01  -6.2180533e-01   1.7604275e-01   5.0883776e-01   1.5659241e+00  -7.5494937e-01  -9.7011193e-01  -5.5969470e-01  -1.4101259e+00
   2.0000000e+00  -1.1223419e+00   4.6120582e-01  -5.4489821e-01  -6.1732068e-01  -1.4294730e-01   6.1189239e-03  -4.0439015e-01  -1.9352873e+00   1.7749369e+00   7.7315781e-01
   2.0000000e+00  -1.0506244e+00   5.5703610e-01   2.2881376e-01  -1.0566621e+00   1.3857673e-01  -5.1671029e-01   4.8481782e-01  -6.1455350e-01  -6.1350948e-01  -2.0118152e+00
   2.0000000e+00  -4.4875725e-01  -1.9000064e-02  -8.1368305e-01  -5.6755059e-01  -4.3238637e-01   2.4135374e-01   4.8179300e-02  -1.3323160e+00   6.6471524e-01  -1.0647305e+00
   2.0000000e+00  -1.5856631e+00  -3.4781887e-01   1.0966495e+00  -9.4486353e-01   1.8277684e+00   3.7471181e-01  -1.3051556e+00   1.0438751e+00  -4.7507006e-01   1.3276399e+00
   2.0000000e+00   1.5169293e+00  -1.0499980e-01   1.0703118e+00  -5.0180153e-02   1.3888451e-01  -2.3358523e-01   4.6767654e-01   1.8951306e+00   1.1694792e+00   1.7446551e-01
   2.0000000e+00   3.2816555e-01   3.4316111e-02   9.3641700e-01  -5.2978566e-02  -1.4048361e+00  -6.6592601e-01   4.2001710e-02   1.3387148e+00   1.8256610e-02   1.7756853e+00
   2.0000000e+00   2.2582213e-01  -4.3289238e-01   4.3014607e-01   2.0814272e+00  -1.7446557e+00  -2.4838870e-01  -1.3020352e-01  -9.3879870e-01  -2.0116177e-01   4.9194018e-01
   1.0000000e+00   1.1254549e-02  -1.3445696e+00   1.1188471e+00   5.8942498e-01  -6.3911902e-01  -2.5567607e-01   4.0073186e-01  -1.3742964e+00  -1.2369387e+00   1.0820484e+00
   2.0000000e+00   1.0903711e+00  -2.7136799e-01   4.0222793e-02  -1.7096685e-01   1.4861280e+00  -6.0252779e-01  -1.1264621e+00   1.5678696e+00   9.3501095e-01  -1.1145222e+00
   1.0000000e+00   3.8687645e-01   2.2525378e-01  -1.2416189e+00  -1.5950998e+00  -4.6383943e-03   4.3131581e-01  -8.5386095e-01  -2.6310183e-01   4.0024088e-01   1.3620636e+00
   2.0000000e+00   1.5666499e+00   1.5995971e-01   2.2514521e+00   4.0808696e-01   6.1975870e-01   4.0266436e-01   7.9418056e-01   4.7270931e-01  -9.3783520e-01   2.1586549e+00
   2.0000000e+00  -4.1343824e-01   1.0085942e+00  -1.5099431e-02  -1.6216310e-01  -9.1277732e-01  -9.0117297e-01  -4.7798243e-01  -1.5884279e+00   1.0605783e+00  -1.4908564e+00
   2.0000000e+00  -9.1325237e-01  -4.6557835e-01  -5.1650361e-01  -1.4266170e-01  -6.9686119e-01  -3.5973319e-01   2.3511981e+00   5.5178307e-02  -1.9755825e+00  -1.0305957e+00
   2.0000000e+00  -1.7092405e+00  -5.6125679e-01  -1.4807131e+00  -7.6873671e-02   1.2434584e+00   1.0934465e+00   7.6942058e-01   1.0146564e+00   2.2427406e+00   1.9642835e-01
   2.0000000e+00  -7.5750316e-01  -2.8395418e-01  -1.9783095e+00   7.9010164e-01   8.6879623e-01  -2.9660320e-01   7.9456392e-02   2.4980005e-01  -1.2229871e+00  -6.9517986e-01
   2.0000000e+00  -2.0774955e+00   7.2758103e-01  -2.8876356e-01   9.0130722e-01   2.9152228e-01  -8.9542899e-01   9.7723222e-01   6.3747778e-01  -1.3517602e+00  -8.3278738e-01
   1.0000000e+00   8.2573716e-01  -1.6573586e+00   3.2447525e-01  -3.9263898e-02  -1.7895740e-01  -1.4061780e-01   1.5886754e+00  -2.1431268e-01  -1.5093579e+00   1.8448809e-01
   2.0000000e+00  -4.2407784e-01   2.3235584e-01  -9.0652298e-01  -1.3275873e-01  -4.7940448e-01  -1.8348306e+00  -8.8879686e-01   1.7573699e-01  -1.9580546e+00   3.3066305e-01
   2.0000000e+00  -1.4663505e-01  -3.3591701e-01   5.7958210e-01   2.0731387e-01   1.0768540e+00  -1.0974632e-01   1.7109898e-01   9.0901485e-01  -1.3631673e+00  -7.2443576e-01
   2.0000000e+00   1.1521652e+00  -1.6332664e+00  -6.3030320e-01   3.2046717e-01   8.1925675e-01   7.9396895e-02   1.0413831e+00   3.0118123e-01   9.4669549e-02   1.9329059e-01
   2.0000000e+00  -1.3116691e+00   1.6976189e+00  -7.9303068e-01  -6.9345009e-01   3.3011773e-01  -3.0986738e-01   1.7103711e+00  -5.9240613e-01  -1.1182412e+00   1.1907398e+00
   2.0000000e+00  -5.1855945e-01  -1.1053280e-01  -3.2914236e-01   9.4170423e-01   2.6840113e+00   4.2481740e-01  -2.2808286e-01  -1.4804037e+00   1.0532093e+00   3.5240028e-01
   1.0000000e+00   5.4850040e-01   7.4197736e-02   3.3144004e-01   1.7960228e-01  -4.6974191e-01  -3.9738190e-01   3.4562350e-01  -7.5381863e-01   4.0505723e-01   1.2865827e+00
   2.0000000e+00  -1.2062229e+00  -5.6358132e-01   7.7818753e-01  -6.8452453e-01  -1.3639544e+00   3.7205522e-01  -1.4091065e+00   3.4631352e-01  -1.4458227e+00   4.9048829e-01
   2.0000000e+00  -6.0908702e-01  -1.1876220e-01  -9.0093113e-01   2.5933813e+00  -6.0410732e-01  -1.4360467e+00  -6.2306022e-01   1.5413352e+00   1.1300207e-01  -7.7379491e-01
   2.0000000e+00   1.8014881e+00   1.2852992e+00   8.9145747e-01   2.4801811e+00   1.5163233e+00   2.0571717e+00  -7.5855913e-01   2.3731674e-01  -9.5179158e-01  -5.5451208e-01
   2.0000000e+00   1.5188140e+00  -7.9772561e-01   2.0633847e-01  -1.1335073e-01  -7.5879468e-01  -4.3244503e-03   5.9448639e-01  -9.6720487e-02   3.7077019e-01  -8.3835508e-01
   2.0000000e+00   2.9520088e+00  -7.4552823e-01  -9.3606114e-01  -8.2398038e-01   9.7786503e-01  -1.5686118e-01  -6.2286750e-01   5.2625390e-02   2.9017609e-01  -4.1585129e-02
   2.0000000e+00  -1.0231300e+00   1.1047241e+00   7.4183194e-01  -6.4898688e-01   2.0741146e+00   8.1842925e-01  -2.3937742e+00   4.7976259e-01   6.7331145e-01   7.5925659e-01
   2.0000000e+00  -1.7474688e-01  -7.9507910e-01  -7.6143312e-01  -2.3244814e-01  -7.9794505e-01  -3.9417672e-01  -3.7862009e-01  -1.2811931e+00   1.0598944e+00   8.5691315e-01
   2.0000000e+00   9.3458427e-01  -2.3909247e-01   1.3346274e+00  -1.3109307e+00  -5.6937060e-01  -8.0392139e-01  -4.0233053e-03  -1.1830200e+00  -9.7588285e-01  -9.9102240e-01
   2.0000000e+00   8.8463316e-01   1.2637141e+00   9.7275109e-01   1.0121116e+00   1.3296128e+00  -1.2750750e+00   3.5857929e-01  -4.4097796e-01  -1.0991720e-01  -2.5807523e-01
   2.0000000e+00  -2.8892390e-01   1.6900378e+00   6.6248992e-01   3.6426371e-01  -9.8014826e-01  -1.9269854e-01  -4.6053103e-01   3.9302258e-01   7.2929115e-01  -2.9427607e-01
   2.0000000e+00   1.0318553e+00  -8.4991100e-01  -7.7940084e-01   7.6860021e-01   1.6694664e-01  -1.7027364e+00   9.8170749e-01   4.3466822e-01   9.3550995e-01   6.7496327e-01
   1.0000000e+00   2.4884080e-01   2.4343189e-01   9.4703105e-01   2.4595276e-01  -6.5790014e-01   1.5977558e+00   8.3174323e-02   1.3252574e+00   3.0108287e-01   3.4233752e-01
   2.0000000e+00  -7.6389917e-02  -1.0379722e+00  -2.5183290e+00   8.2137351e-01   1.4118232e+00   2.4992537e-01  -7.8734482e-01   5.9030576e-01  -1.4288883e-01  -9.5733808e-02
   2.0000000e+00  -2.5636054e-01  -2.8537826e-02  -5.8041475e-01   1.0204779e+00   9.4734447e-01   9.8421882e-01  -2.4231883e+00   1.2684973e+00  -5.7649941e-01   1.6658685e+00
   2.0000000e+00  -4.5472415e-01  -1.2357503e+00  -1.0470237e+00   1.3923787e-01  -1.9186853e+00   1.3115881e+00  -7.2703798e-01   2.1020698e-01   3.5960869e-01  -5.2332219e-01
   2.0000000e+00   8.7665416e-01  -7.6728432e-03   1.9962600e+00  -1.3737892e+00   4.8920604e-01   7.1086284e-01   6.8749884e-01   9.7585812e-02   2.2009467e+00  -5.4169801e-01
   2.0000000e+00  -9.6029840e-01   1.2392030e+00   7.1907370e-01  -2.5174421e-01   9.8660566e-01   4.8135568e-01   2.0073579e+00   6.1095330e-02  -1.1250923e+00   8.0941825e-01
   2.0000000e+00  -7.2648486e-01  -5.6278849e-02   1.0147607e+00   2.8261921e-01   2.7824566e-01  -1.4478420e+00  -8.4769427e-01   5.2726164e-01   8.7240456e-02   6.8216718e-01
   1.0000000e+00   2.0211950e-01   9.1268077e-01   1.3613035e+00  -4.9841985e-01   6.6775224e-01  -1.6366516e+00   7.9307697e-01  -2.6475542e-02  -1.1463890e+00   5.7353559e-01
   2.0000000e+00  -5.7757320e-01  -1.4574309e-01  -1.3557112e+00   1.1579692e+00  -1.1612063e-01   1.5654995e-01   1.5264698e+00   1.3415062e+00  -1.5638724e-01   9.0814890e-01
   2.0000000e+00   1.0720877e+00   7.0624855e-01  -3.2533021e-01  -7.8442325e-01   1.6877848e+00  -1.0553258e+00  -5.5437162e-05   4.3063615e-01  -1.1926646e+00   7.7129443e-01
   1.0000000e+00   5.6969183e-01  -1.0656345e+00   7.3472450e-01   4.8452301e-01  -2.4214057e-01   6.7436594e-01  -4.8119129e-01  -7.7829843e-01   1.9527375e-01   9.2154338e-01
   2.0000000e+00   4.0177362e-01  -1.6986613e-01  -2.2252351e-02  -5.9389265e-01   2.1361259e+00  -4.3677038e-01   1.4191036e+00  -4.4084051e-01   9.4808577e-01   2.7434048e-01
   2.0000000e+00  -3.6555522e-03   7.5362295e-01  -2.2170866e+00  -1.4303966e+00  -6.9009349e-01  -1.5496468e+00   1.6673732e+00  -1.3702830e+00  -1.5512315e+00  -1.1701395e+00
   2.0000000e+00  -6.3984351e-02   8.9803763e-01   1.2343276e+00  -7.3614945e-01   4.0789829e-01   1.9203871e+00   1.0212166e-01   4.7389382e-01  -8.1407262e-03   4.0913222e-01
   2.0000000e+00   5.2956799e-01   1.2019694e+00  -9.7679721e-01  -3.7734535e-02  -1.8917984e+00   5.8350474e-01  -1.2164096e-01   1.5404012e+00  -6.6385637e-01  -1.0126556e+00
   2.0000000e+00  -1.3201085e+00   1.0639830e+00   2.1220909e+00   6.6746645e-01  -3.7484522e-03   7.2152844e-01   8.1094640e-01  -1.8051891e+00   6.8783472e-01  -8.3405753e-01
   2.0000000e+00   5.7640902e-01  -8.7915702e-01  -7.5274072e-01  -2.0832471e-01  -1.4632678e+00   7.5653889e-01  -2.7881005e+00  -5.2610333e-01   2.5616474e-01  -4.3032690e-01
   2.0000000e+00  -5.9326601e-01  -2.9054035e-01   2.1459677e-01  -7.8400713e-02   6.2918659e-02  -1.3828352e+00   8.7813756e-01   2.3571091e-03   7.0042369e-01   2.6815842e+00
   2.0000000e+00  -1.6633902e+00  -1.6217492e-01   1.2399762e+00   1.3301488e+00   2.7882047e-01  -2.0934962e-02   5.8194864e-01   6.4222043e-01   1.5149432e-02   5.5353577e-01
   2.0000000e+00  -1.2052008e+00  -6.4179485e-01  -2.6252500e-01  -2.1666772e-01  -7.7637576e-01   2.8546524e-01  -1.7183418e-01   1.4826970e+00   1.8071455e-01   8.5158340e-01
   2.0000000e+00  -1.4086911e+00  -6.0327991e-01  -6.4936870e-01   2.5450092e+00  -4.3774273e-01   1.9505262e-01  -1.6831990e+00  -1.8105903e+00  -1.0832159e+00   1.8832989e-01
   1.0000000e+00   3.9020292e-02  -1.4687342e+00   4.2524727e-01  -1.3690107e+00  -5.2701075e-01   4.2034272e-01  -1.0122504e+00   1.5505825e+00   3.8992362e-01   5.8327030e-01
   1.0000000e+00   4.3763129e-01  -6.2153481e-01   1.4934678e+00   1.2071756e+00   5.7782524e-01   1.9640616e+00   5.1652396e-01   4.5542480e-01   2.9789391e-01   1.4153221e+00
   2.0000000e+00  -8.5935824e-01   8.2674835e-01  -7.0944567e-01   6.5174527e-01   9.8901938e-01   1.4957033e+00   1.4671679e+00  -6.9686761e-01   7.8577265e-01  -7.1402018e-01
   2.0000000e+00   5.4021433e-01   2.5358523e-01   8.1773253e-01  -9.7314413e-01  -7.2521424e-01   1.3572523e+00   2.7725275e-01   6.4375419e-01   1.1642676e+00   6.5545816e-01
   1.0000000e+00   3.7685673e-01  -1.1181474e+00   2.9500175e-01  -2.3889434e-01   6.5172806e-01  -3.7966009e-01   2.4790652e-01  -2.3584444e-01   2.9304278e-01   1.3477585e+00
   2.0000000e+00   9.6812548e-01   1.9301621e+00  -9.4779676e-01   1.2936775e+00   3.5592542e-02  -1.9322450e+00  -5.5339755e-02  -1.3213434e+00   1.3792492e-01   9.2006824e-01
   2.0000000e+00  -4.0396760e-01   1.1085362e+00   2.0142830e-02   9.9366909e-01  -2.0432487e-01   5.4574915e-01   2.2955008e-01  -3.5163811e-01  -7.7609643e-02   1.3407645e+00
   2.0000000e+00  -4.1898962e-01  -3.2418198e-01  -2.9375937e-02   2.9433811e-01   5.4158813e-01   2.3190235e+00   9.1143495e-02  -5.6860504e-01   2.8824131e-01   5.4051471e-01
   1.0000000e+00   4.1460439e-01   7.7859405e-01  -1.7376439e-01   1.0509892e+00   3.4842220e-01   1.1772439e+00   3.2164083e-01  -2.9705718e-01   7.0548867e-01   7.0094812e-01
   2.0000000e+00   4.9479091e-01   5.7836186e-01   6.1230446e-02   6.2951841e-01  -8.6927081e-01   1.0336579e+00  -8.6804381e-01   1.2491861e-01  -1.1553375e+00  -2.8011442e-01
   2.0000000e+00  -8.4007715e-02   8.2902772e-02  -1.6974506e+00   4.6465084e-01   5.4151918e-01  -7.5670111e-01  -7.6977932e-01   1.1574086e-01   5.9294156e-01  -9.7250505e-01
   1.0000000e+00   2.7819486e-01   1.9931468e-01   1.6201121e+00   6.8443527e-01   1.3005754e-01   7.9136896e-01   5.1818980e-01  -6.8705528e-01   1.5461885e-01   8.5503933e-01
   2.0000000e+00  -7.1957496e-01   4.6445150e-02   7.8926832e-01   1.0967926e+00   1.1893865e+00   8.2144863e-01   1.3767448e+00  -1.2937624e+00  -1.2609403e+00  -2.7390796e+00
   2.0000000e+00  -4.5871263e-01   3.2544352e-01  -1.4725372e+00  -1.2001526e+00   1.6067258e+00  -1.1118431e+00   5.1732959e-01  -4.1337905e-01   2.2499539e-02   3.0105018e+00
   2.0000000e+00  -6.3784718e-02   7.9324527e-01   1.0511838e+00   1.4072053e+00  -1.0645134e+00   3.6059264e-01   1.2374064e+00   2.4503050e-01   2.4591002e+00  -6.6891104e-01
   2.0000000e+00  -2.0998460e-02  -6.0041784e-01   1.1566829e+00   3.7098873e-03   5.0624486e-01   5.4164796e-01   6.0388752e-01   1.1575352e+00  -1.4270338e-01  -4.7882836e-01
   2.0000000e+00  -3.1402086e-01   3.5278797e-02  -1.1151846e+00   1.3591128e-01   4.2655055e-01   4.9557264e-01   6.2829417e-02  -1.9710937e+00   1.5784659e+00   9.0349209e-01
   2.0000000e+00  -4.9749145e-01   1.1676077e+00   2.6889300e-01  -2.2045175e-01   2.6137466e-02  -1.1275238e+00  -1.1488825e+00  -5.2547283e-01  -1.0620173e+00   2.2219933e-01
   2.0000000e+00  -1.1025651e+00  -2.3010527e-01   9.3426465e-01   8.0799567e-02  -5.9495553e-01   2.0450246e-01   1.4158944e+00   1.1224441e+00   7.2526711e-01   5.7976462e-01
   2.0000000e+00   1.0346999e+00   5.9541584e-01  -1.5447975e+00  -1.0746104e+00   4.7042379e-01   8.3517591e-01   1.5735596e+00   1.4794673e+00   9.2492734e-01  -1.4291633e-01
   2.0000000e+00   1.3581356e-01  -4.2113636e-01   2.7172467e-01  -2.5208481e-01  -1.2183119e+00   6.4317718e-01   3.8061919e-01   8.3008237e-01   1.2770838e+00   2.0328923e-02
   2.0000000e+00  -1.1023334e+00   1.6778784e-01   1.8738774e+00   1.1523085e+00   1.8951634e+00  -1.1665695e+00  -2.4882737e-01  -3.0576208e-03   2.0931539e+00  -1.2906975e-01
   2.0000000e+00   1.0225905e+00  -1.9263301e-01  -4.0179193e-01   1.5506178e+00  -3.5394630e-01  -1.5493251e+00   1.1225556e+00   1.3052115e+00   1.3608293e+00  -1.1058938e+00
   2.0000000e+00  -6.5910436e-01   7.1185842e-01   7.8028453e-01  -2.9627637e-01  -1.2652125e+00  -5.0102185e-01  -1.0567539e+00   6.3191955e-01   2.4161479e+00  -2.5584098e-01
   2.0000000e+00  -1.2941418e+00  -8.6349211e-02  -1.7404781e+00  -1.3749817e-01   2.0492981e-01   4.8872098e-01   9.0919737e-01   8.3201528e-01  -1.8886986e+00   1.8901670e-01
   2.0000000e+00   1.6810773e+00   8.4251051e-01   1.2472328e+00   1.2963232e+00  -1.2181412e+00   5.5261723e-01   1.2206822e+00   6.4409345e-01   1.5513827e-01  -1.1106962e+00
   2.0000000e+00   7.9617423e-01   4.8162955e-01  -5.2930967e-02   2.8275943e-01  -5.0054879e-01  -1.9912108e+00   5.1684768e-04  -5.7548793e-01  -9.8443897e-02  -6.4399652e-01
   2.0000000e+00   3.8351806e-01   1.8602095e+00  -1.9561945e-01   6.6007281e-01   9.4003591e-01  -7.0588770e-01  -4.6507149e-01  -6.6315165e-01  -2.8360526e-02  -1.7059210e+00
   2.0000000e+00   1.1655393e+00  -6.9292767e-01   6.6878818e-01  -1.3057074e+00   1.8946579e-02  -1.2318364e+00   3.0058661e-01  -7.7697770e-01   4.9797594e-01  -4.0632078e-01
   2.0000000e+00  -1.3745400e+00   1.3925184e+00   2.6680420e-01   3.0302020e-02   6.7213239e-01   4.2937457e-01  -4.2580736e-01  -1.8226073e+00   2.9108775e-01  -5.7776687e-01
   2.0000000e+00  -1.3387647e+00  -6.5368785e-01   8.8917480e-01  -7.5781242e-01   1.9629419e-01   1.0022206e+00   1.7702089e+00  -1.3770760e+00  -5.9335075e-01  -8.4481887e-02
   2.0000000e+00  -1.5277860e+00   3.3946558e-01   5.7140888e-01   2.0096496e-01   8.1059549e-01   1.5728921e-01  -4.1045910e-01  -8.1998045e-01   9.4681068e-01  -1.1440177e-01
   2.0000000e+00  -2.0765782e-01   8.5673240e-01  -1.0717532e+00   7.2532555e-01   3.0229319e-01  -8.7105954e-01   1.2032021e-01  -1.1916303e+00  -1.0836794e+00  -2.5406719e-01
   1.0000000e+00   5.3582312e-01  -8.4676681e-01  -6.4083158e-01   1.7053353e+00  -6.0975015e-01   1.5721406e-01  -8.0030472e-02  -5.4630610e-01  -3.0161393e-01  -2.4487876e-01
   2.0000000e+00   7.8768143e-01  -1.0557048e-01   7.0282552e-01   7.5392630e-01   9.7967536e-01  -2.0147223e+00   3.9068228e-01  -4.5103269e-01   8.4606427e-01   1.4823762e+00
   1.0000000e+00   1.7017933e-01  -5.4089673e-01   1.4964953e-01  -1.1202620e-01  -3.0174478e-01  -1.4826791e+00   2.3793618e-01  -1.6329459e+00  -5.1762357e-01  -1.5195543e+00
   2.0000000e+00  -2.4353822e-01   1.1186519e+00   2.6367946e-01  -1.5262550e+00   8.4915514e-01   1.0242164e+00  -8.6809413e-02  -1.2323948e+00  -3.0848908e-01   4.2757867e-01
   2.0000000e+00  -2.1840563e+00  -1.1156744e-01   1.4241503e+00   1.7059198e-01   1.0455616e-01  -1.7656215e+00  -7.3809030e-01  -1.0661763e+00   8.6917258e-02  -1.4411277e+00
   2.0000000e+00  -6.6449161e-02  -2.4715030e-01  -1.9837121e+00  -4.9291439e-01  -9.3138249e-01  -9.1895118e-01   1.2900649e+00   1.1603783e+00   9.7494669e-01  -1.0503366e+00
   2.0000000e+00   7.7060552e-01   1.9914514e+00   1.2343201e+00   5.8779387e-01  -4.1342775e-01  -6.8941947e-01   1.1668271e+00  -7.1513498e-01   5.4350415e-01  -1.9399151e+00
   1.0000000e+00   3.1224670e-01   3.1056499e-01   5.3467164e-02  -6.2106027e-01  -3.2187276e-01   2.8554645e-01  -6.3201752e-01  -4.4157539e-01   6.0490830e-01   1.6216370e+00
   2.0000000e+00  -1.5646834e+00  -6.3455345e-01   1.2777717e-01  -1.2838827e+00   8.0282295e-01   1.3503489e-01  -8.1002730e-01   4.5238163e-01   3.5028430e-01  -1.3578087e-01
   2.0000000e+00  -2.4189498e+00  -8.1399709e-01   1.3012742e+00   3.0527575e-01  -9.9517560e-01   1.0902827e+00  -5.1548341e-01  -1.5706275e+00  -8.9675104e-01   3.7541897e-01
   2.0000000e+00  -3.8723304e-01   1.2495781e+00  -7.8779910e-01  -1.4606534e+00  -1.5431768e+00   2.0239885e+00  -2.8054162e+00   1.0891734e+00  -1.5244089e+00   5.5503378e-01
   2.0000000e+00   8.8022354e-01   2.3426735e+00   8.1605665e-01   1.1133757e+00   8.6276763e-01   2.2003112e+00   2.8920432e+00  -3.8405214e-01  -3.0352744e-01  -5.4550404e-01
   2.0000000e+00  -2.5844330e-01  -1.0186574e+00  -8.2558851e-01   1.1235185e+00   4.9566515e-01   1.3693471e+00   8.4487619e-01  -3.4921918e-01   2.0635436e-01   6.5804018e-02
   1.0000000e+00   4.6444853e-02   2.2919726e-01  -9.3744333e-01   1.0740910e+00   3.5147387e-03   1.5530977e+00   1.0939971e-02  -1.4748525e+00   1.0070110e+00   1.1407262e+00
   2.0000000e+00  -4.5429263e-01   2.2060335e-02  -4.1863206e-01   5.6376071e-01  -6.6533536e-01   1.0874158e+00   1.0100201e-01  -4.8244508e-01  -2.9411265e-01  -3.5586126e-01
   2.0000000e+00  -1.0717341e+00  -4.7445899e-01   8.3977080e-02   1.2622708e+00  -6.7064958e-01   7.9189754e-02   1.9110807e-01   1.9778023e-01  -2.0870439e-01   5.3933912e-01
   2.0000000e+00  -7.4465276e-01  -9.2738500e-01   1.2567478e+00  -4.9274819e-01   3.7670365e-01   1.6478650e+00  -1.1400644e+00   6.8081974e-01   1.3254851e+00   1.3410690e-01
   1.0000000e+00   2.5997990e-01  -3.7554894e-01   4.9784614e-01   4.7285466e-01  -3.8085020e-01   7.3585875e-01  -1.3264578e+00   5.6182291e-01   2.6495292e-01  -1.3829926e+00
   2.0000000e+00  -4.5308973e-01   3.1854650e-01  -5.3963393e-01  -1.2722499e+00   6.6354431e-01   4.5368737e-01   1.2202339e+00  -8.2331900e-01   6.3456728e-01   4.9255777e-01
   2.0000000e+00   3.6704279e-01   3.9228237e-01  -5.9010258e-01   2.6435279e-01   1.3037452e+00   1.0018930e+00  -4.2948104e-01   8.1668778e-01   3.9189384e-01  -6.2233168e-01
   2.0000000e+00   6.0864568e-01  -1.4641547e+00  -4.9460746e-01  -7.6808950e-01  -1.9702326e+00  -2.2814167e+00   7.5558603e-01  -1.2217643e+00  -8.8223945e-01  -1.1317162e+00
   2.0000000e+00   8.0369449e-01   1.3694565e+00   3.5648503e-01  -1.9203328e+00  -1.4381823e+00  -5.3592144e-01   6.0809692e-01  -1.9457873e+00  -4.8272048e-01   1.5752691e+00
   2.0000000e+00   5.3656701e-01   8.4542741e-01  -1.0767978e+00  -3.7373458e-01   1.5797796e+00   1.1288873e+00   2.1048602e-02  -1.4007333e+00  -4.6534635e-01   2.3217547e-02
   2.0000000e+00  -9.1150581e-01   1.0079989e+00  -7.1638009e-01   4.5297578e-01  -8.8815937e-01   6.5043024e-02  -1.3154353e+00  -1.7865056e+00  -9.9454612e-01  -2.1992761e+00
   2.0000000e+00  -1.6015418e+00  -9.5851142e-01  -6.2660506e-02   4.9100038e-01  -1.1858353e+00  -1.1138765e+00  -3.1059441e-01  -2.4557649e+00   9.4083920e-01  -4.5454907e-01
   2.0000000e+00   1.1496268e+00  -2.6443492e-01   4.4392117e-01  -8.4646429e-01   3.1344338e-01   3.1537781e-01  -1.0854146e+00  -1.5743035e+00  -1.2254362e+00   5.7448468e-01
   2.0000000e+00  -1.0146696e+00  -7.2260696e-01   4.4032035e-01  -1.4862100e+00  -2.3155053e-01  -5.4075947e-01  -4.8660115e-01  -6.8812982e-01   1.5926327e+00  -4.8854405e-01
   2.0000000e+00  -1.6459361e-01  -7.4941444e-01   8.9235122e-01  -6.0205457e-01   1.3159196e+00   2.4042545e+00   4.6389077e-01  -9.5638940e-02  -2.4482001e-01  -1.1953473e+00
   2.0000000e+00  -8.5793293e-01  -1.2920812e+00  -1.6323722e+00  -2.3952052e+00   1.0361836e+00   8.9914641e-04  -6.0501911e-01   8.3269796e-01   4.6828227e-01   1.2797958e+00
   2.0000000e+00   2.3588288e-02  -2.0609295e+00  -6.8507234e-02   1.4071642e+00   1.7066142e+00  -3.5891952e-01  -1.0579164e+00   1.5371861e+00  -7.4569238e-01  -1.8782862e+00
   2.0000000e+00   1.2143585e+00  -5.4739746e-01   8.1351433e-01  -3.1817143e-01   3.0774004e-01   1.0668913e+00  -4.5866588e-01   1.7682503e+00   1.9944446e+00   1.2523821e+00
   2.0000000e+00  -1.7016162e+00   1.5984305e-01   1.5932032e+00  -1.5048697e-02   9.7172471e-02   1.1562319e+00   4.8435027e-01   3.1167891e-01   1.2868318e+00   6.0577419e-01
   2.0000000e+00  -2.7104448e-01  -1.3203581e+00   3.5669054e-01  -3.0195964e-02   1.8654931e+00   1.5777339e-01   1.0187420e+00  -2.9733552e-01  -3.7347485e-01  -1.3791921e+00
   2.0000000e+00  -6.1020110e-01   6.8479599e-01  -5.2825705e-01   1.2712917e+00  -8.7331577e-01  -1.2898553e+00  -1.6902293e+00  -3.7827297e-01  -1.3932541e+00  -3.5476245e-02
   2.0000000e+00   1.2944133e+00  -1.9920770e+00   5.0143595e-01   6.9713677e-01   3.7208600e-02  -4.5997328e-01  -3.8450269e-01  -6.4674558e-01   5.4308730e-01  -5.3004367e-02
   2.0000000e+00   9.7443907e-01  -1.2092655e+00   1.1675788e+00   1.7525349e-01  -4.8257607e-01   1.9486802e-01  -1.6227748e-01  -1.1906540e+00  -1.0401756e+00  -1.1004992e+00
   2.0000000e+00  -2.0568607e-01  -1.1487744e+00   1.5735338e-01  -6.3382694e-01   7.1221038e-01   1.6612386e+00   4.0723999e-01  -4.4919556e-01  -2.1444019e+00   2.1358631e+00
   2.0000000e+00  -1.9082892e-01   8.1099921e-01   6.1943118e-01  -2.2747381e-01  -4.3144425e-01   9.4415676e-01   1.2423163e+00   1.3754767e-01   2.3583637e-01  -2.7441027e+00
   2.0000000e+00   3.1540689e-01  -1.9987371e+00   9.2458878e-01  -9.8337334e-01   2.6315473e+00  -1.9717094e+00   5.0000426e-01   2.8337223e-01  -2.1893035e-02  -4.9405763e-02
   2.0000000e+00  -2.1331540e-01   6.0103319e-01   1.2623921e+00   7.6222819e-01   5.5001864e-01   3.2462612e-01   5.2427285e-01   1.1686702e+00  -2.0055950e-01   1.1700485e+00
   2.0000000e+00   3.9225808e-01   2.8297853e+00   4.6095294e-01  -4.1678689e-01  -6.8375038e-01   4.5353736e-01  -4.3957347e-01  -2.8297393e-01  -5.0120415e-01   1.0724939e+00
   1.0000000e+00   5.7211676e-01   1.0911705e-01  -1.3240372e-01   1.4226230e+00  -2.0911847e-01   1.7365674e+00  -2.9195708e-01   2.4461375e-01  -1.1432377e+00  -2.4363609e-01
   1.0000000e+00   6.0231967e-02   1.4772281e-01   6.0947756e-01   4.8484096e-01   8.5252173e-01   4.5416505e-01  -1.1482177e+00   3.9575709e-01  -2.1771542e-01   1.1498246e+00
   1.0000000e+00   8.3254202e-02  -7.8656638e-01   6.2969147e-02  -1.0200827e+00   3.3208300e-01  -5.5779853e-01   6.8502765e-01  -5.3427956e-01   2.5501731e-01  -8.2114958e-01
   2.0000000e+00   1.2369341e+00   3.4402107e-01   9.3479701e-01  -8.3460197e-01  -1.3253634e+00   8.9479010e-01   6.0448188e-01  -1.0382777e-01   1.5100060e+00  -1.3614011e-01
   1.0000000e+00   5.2739638e-01   1.6474411e+00  -1.0799720e+00  -1.0893117e+00   4.2177020e-01  -2.3497152e+00  -1.1974864e+00   1.0216794e+00  -1.4607951e+00   1.1912947e+00
   2.0000000e+00  -2.2473495e-01  -4.9679885e-01  -2.2023337e-01   4.3985691e-01   1.0823744e+00  -3.2933247e-01   1.1650808e-01   1.0638931e+00  -1.3435268e+00  -3.1332430e-01
   2.0000000e+00  -1.8667652e+00   5.2111749e-01  -4.2210685e-01  -4.2934206e-01   1.7216316e+00   7.5559326e-01   3.6785579e-01  -1.9249603e-01  -1.0896738e+00   1.0100549e+00
   2.0000000e+00   6.8135817e-01   1.5920880e-01  -1.5266430e+00   3.4155511e-01  -1.1147643e+00   2.1229523e+00   1.1873431e+00   6.3295093e-01  -7.2157326e-01   8.5918059e-01
   1.0000000e+00   6.4200672e-02   9.1358806e-01  -2.1744545e-01   6.5606938e-01  -7.9433399e-02  -5.5909102e-01  -8.1238784e-01   2.5484548e+00  -1.0944329e+00   1.2073386e-01
   1.0000000e+00   3.0595636e-01  -1.3978200e+00  -3.7719358e-01  -1.7478513e-02  -5.6179457e-01  -1.0076853e+00   1.3782758e-01   6.2371096e-01  -3.0159449e-01   1.3920305e+00
   2.0000000e+00  -2.5183054e+00  -8.4216679e-01  -1.8009103e+00  -5.2698082e-01  -1.0765265e-01  -6.8806771e-01  -3.1044747e-01  -1.7882902e-01   9.5566945e-02   3.6493863e-01
   2.0000000e+00  -1.1279227e-01   1.1668722e-02  -9.7433013e-01  -4.6754134e-01   1.1534785e+00  -2.8074336e+00   9.1786297e-01  -1.0528579e+00  -2.4116422e+00   1.0925606e+00
   2.0000000e+00   2.9203850e-01  -5.3500935e-02   1.2823822e+00  -5.3367603e-01   2.3036227e+00   1.2879864e-01  -4.7696277e-02  -1.6839946e-01   9.1992822e-01   1.5480535e+00
   2.0000000e+00   1.4559105e+00  -1.8101361e+00   1.4997724e+00   5.2711830e-01  -2.0672657e-01   1.5165303e+00   2.7957058e-01   3.2088534e-01   5.5038490e-01  -1.7972888e+00
   2.0000000e+00  -8.3486315e-01  -3.8707993e-01   1.5899320e-01   4.9950835e-02   1.5427741e-01   2.5291593e+00   8.5261152e-01  -4.7817387e-01  -9.3100927e-01  -1.3866461e+00
   1.0000000e+00   3.2901615e-01   9.6488918e-01   7.8077339e-01  -1.0718433e+00  -5.8768170e-01  -1.2363350e+00  -8.5810322e-01  -7.8840986e-01  -9.3076089e-01   1.1665099e+00
   2.0000000e+00   1.4884547e+00   1.2182019e+00   7.2366469e-01  -4.8318930e-02   6.8477186e-01   1.4650152e+00  -1.0249000e+00  -6.1210077e-01  -1.7810314e+00  -3.6226981e-01
   2.0000000e+00  -3.6785113e-01  -7.9657036e-01  -3.3310680e-01  -5.1994418e-01  -1.0579030e+00   8.6911741e-02  -1.0290476e+00   1.5745591e+00  -2.0830050e-01  -1.0534024e+00
   2.0000000e+00   5.7916551e-01   7.1235016e-01   9.6117850e-01   1.1008131e+00   1.0229709e+00  -3.8694266e-01   1.0540974e-02   9.9004022e-01  -5.3504127e-01   2.7284502e-01
   1.0000000e+00   1.8412774e-01  -1.6763541e-01   5.2330894e-01  -1.8685548e+00  -6.0963030e-01  -2.2500744e-01  -7.0833823e-01  -2.0984939e-01   8.4600404e-01   1.2567683e+00
   2.0000000e+00   1.1041275e+00   2.0139621e-01  -9.1877633e-01  -9.3507222e-01  -2.0225127e-01  -2.0364097e+00  -7.5765943e-01  -8.8198466e-01   1.1869808e+00   1.0615083e+00
   2.0000000e+00   5.2045821e-02   1.8554417e+00   4.3461733e-03   3.4456608e-01  -9.0530871e-01  -2.9111948e-01   7.4696773e-01  -1.1431328e+00  -1.0997405e+00   7.3137402e-01
   2.0000000e+00   1.2124302e+00   7.3177732e-01  -1.9368283e+00   9.9900171e-01  -9.6558705e-01  -1.2333739e+00  -5.7873541e-01  -1.8614549e+00   2.3566233e-01   7.7919946e-01
   2.0000000e+00  -3.3476083e-01   9.6260309e-01  -1.7564871e+00  -4.4313610e-01  -8.9741999e-01  -3.0834977e-02  -1.6133106e-01   5.6622193e-01  -8.5119590e-01  -5.4183120e-01
   2.0000000e+00   6.1500795e-01  -1.0549948e+00  -2.0372108e-01  -1.6032027e+00   1.0163207e+00  -7.8684453e-02  -6.8028597e-01  -8.6624286e-01  -1.2468107e+00  -1.6748499e+00
   2.0000000e+00  -2.2404686e-01   3.5940580e+00   4.4238167e-01  -6.9644564e-01  -4.3269886e-01  -5.5800778e-01   4.3054889e-01   6.8707596e-01   9.8166725e-02   4.8749290e-01
   2.0000000e+00   1.9013790e-01   7.0176640e-01   1.2096282e+00   9.0307636e-01  -1.5211996e+00  -1.3737887e+00  -1.9357467e+00   1.2321068e+00   4.9459126e-01   6.7462461e-01
   2.0000000e+00   1.3624865e+00  -8.1540341e-01   1.0766959e+00   1.3586566e+00  -7.9227725e-01  -1.7832763e+00   6.9927600e-01  -2.0192537e+00   8.8096151e-01  -1.0457715e+00
   2.0000000e+00   4.5874107e-01  -2.2681470e+00   4.5725821e-01   1.3180208e+00   5.1720817e-01   1.0003183e+00   1.7523005e+00  -1.7791997e+00  -8.2867408e-01  -6.5049438e-01
   2.0000000e+00   6.0573955e-01  -1.4831962e-01   1.1017308e+00   1.4572261e+00  -1.1563382e+00  -2.9078667e+00   1.5876177e-01  -1.5472317e+00  -2.1402595e+00   5.2584593e-01
   2.0000000e+00  -8.8813832e-01   2.6187827e+00  -7.9976608e-01   9.1749096e-01  -6.7858873e-01  -7.0406676e-01   1.2920544e+00   1.6524554e+00   6.1058544e-01  -1.2662217e+00
   1.0000000e+00   3.2474313e-02  -1.1786990e+00   1.8390777e+00  -1.0791336e+00   8.6333258e-01  -1.2359226e+00  -4.9793200e-01  -7.1892754e-01  -5.2419246e-02   6.5028310e-01
   2.0000000e+00  -3.9485277e-01   2.4353862e-01   3.2321959e-01   1.5021927e-01  -1.0901563e+00   1.7519967e+00  -5.7394920e-01   9.9536567e-01  -1.9162478e+00  -1.4848413e+00
   1.0000000e+00   1.3470821e-01   3.0635667e-01  -6.0602368e-01  -3.7145668e-01  -5.9487820e-01  -1.5188293e+00  -1.9570578e-01   1.5746483e-01   2.9941868e+00   7.2821266e-01
   2.0000000e+00  -5.1490722e-01  -9.9617600e-01  -2.9764821e-01  -4.1546183e-01   3.2499400e-01   1.8035756e-01   7.5650343e-01  -5.6873313e-01   5.7797594e-01  -8.2780043e-01
   2.0000000e+00  -9.8109126e-01   1.1943969e+00  -7.7613766e-01   1.3409484e+00   1.0579837e+00   9.0326774e-01  -8.2637376e-01  -2.3081005e+00   3.2770632e-01   3.9755860e-01
   2.0000000e+00  -1.4269344e+00  -2.9182880e-01   1.3966257e+00   5.4561987e-01  -1.0957258e-01  -1.0923594e+00   3.9460802e-01   5.4898556e-01  -5.6926920e-01  -1.8557517e+00
   2.0000000e+00  -7.8323697e-01   4.9841001e-03  -7.5182899e-01   3.8754868e-01  -3.5684265e-01  -1.2629491e+00   4.1536248e-01   5.3710033e-01  -6.7863024e-01   4.7992090e-01
   2.0000000e+00  -1.3239578e+00   6.2657850e-01  -4.5181235e-01   2.6757956e+00  -8.9991546e-01   8.4456073e-01   1.4397587e+00  -4.7929162e-01  -6.6903396e-01   2.1273841e+00
   2.0000000e+00  -1.7425172e+00   8.3831283e-01   1.7211599e-01  -8.9956953e-01   6.7944113e-01   1.2184841e+00  -1.2189638e+00  -1.0655976e-01  -7.5519904e-01  -9.2536616e-01
   2.0000000e+00  -7.8241192e-02  -1.0836699e+00   4.2339558e-01  -2.9698641e-01   1.8163075e+00  -5.0244880e-01   6.2970981e-01   6.4721710e-01   1.3179596e+00  -5.1434106e-01
   2.0000000e+00   8.4123492e-01   1.1334472e+00   7.7747141e-01  -2.1099984e-01   5.1158544e-01  -2.0901767e-01   5.6530784e-01  -1.1631056e-01  -6.1454578e-01   3.5359043e-01
   2.0000000e+00  -1.9163554e+00  -6.1946484e-01  -1.5842264e+00  -1.2796412e+00  -8.1687452e-01   1.1340319e+00   1.8741190e+00   7.7787976e-01   4.2077649e-01  -1.9770806e-01
   2.0000000e+00  -6.2380180e-01  -2.5090010e+00  -8.9334994e-01  -8.6701680e-02  -4.0457889e-01   1.8658309e+00   6.7451061e-02  -8.2310298e-01   5.0757569e-01   8.7311884e-01
   2.0000000e+00   1.6347230e+00  -6.9967354e-01  -6.6329747e-01  -1.9392299e-01   2.2383220e-02   1.2572299e+00  -7.6086646e-01  -6.3727576e-02   8.2603091e-01   7.3624168e-01
   2.0000000e+00   8.0263037e-01   2.2409828e-01   8.1367342e-01   6.0530451e-01  -1.5634068e+00   3.6899624e-01   1.2040376e+00  -6.7180328e-01   1.3386701e-01   1.1509078e+00
   2.0000000e+00  -2.7902372e-01  -9.7499773e-01  -1.0857883e-01  -1.2172018e+00  -1.0281430e+00  -3.7716961e-01  -8.3619895e-01   2.2352740e+00   6.8807008e-01   8.7245268e-01
   2.0000000e+00   3.7941844e-02  -5.6792317e-01  -1.4861549e+00   2.3763838e+00   1.0607996e+00   1.5845342e+00  -6.4237173e-01  -1.0992291e-01   5.1507498e-01  -1.3350185e+00
   2.0000000e+00   1.2435624e+00  -2.8373267e-01  -1.7262294e-01  -7.1912265e-01  -5.4048513e-01  -1.0306675e+00   4.2082490e-01   9.3011787e-02  -5.0983955e-01  -9.7843840e-01
   2.0000000e+00   4.0392309e-01  -4.9605796e-02  -1.3202237e+00  -6.4548857e-01  -1.2251389e+00  -7.5172622e-01   2.7968709e-01   1.3310718e-01  -1.9345574e+00   1.1345823e+00
   2.0000000e+00  -1.3364624e+00   7.8561918e-01   9.5304408e-01   3.9765847e-02   1.5208269e-01   2.5694157e-01   1.7237680e-01  -2.3100665e-01   7.0953488e-02   1.5578976e+00
   1.0000000e+00   2.8699735e-01   8.5032520e-01   6.0472476e-01   6.5921491e-01   7.4640165e-01  -8.3331358e-01  -1.0621236e+00  -1.9320986e+00   7.0629444e-01   1.5727673e+00
   1.0000000e+00   3.9304957e-01  -4.6765957e-02   1.0029392e+00   5.6737603e-01   1.9231148e-01  -1.1034348e+00   1.7776309e-02  -2.5536630e-01  -4.5267996e-01  -1.1490807e+00
   2.0000000e+00  -2.5411951e-01   6.1226250e-01  -5.0007760e-02   1.3675260e-01   3.0152713e+00  -2.5220747e+00  -6.3450036e-01   1.9274763e+00   8.3669649e-01  -3.7272940e-01
   1.0000000e+00   2.9142633e-01   1.6045993e+00   8.9703165e-01  -1.6305778e+00   2.7338997e-01  -1.3668758e+00  -9.2508615e-01  -1.4031125e+00  -6.1881042e-01   5.5844972e-01
   2.0000000e+00  -1.3394485e+00   1.6165196e+00  -1.1769289e+00  -4.5508186e-02  -8.0291029e-01  -8.5163665e-01  -2.1595746e-01   1.4762617e+00   4.3644678e-01  -1.0287024e-01
   2.0000000e+00  -2.0022494e+00  -8.6019402e-02   9.8176539e-01   1.4789372e+00   2.2248155e+00  -6.5151123e-01   1.0360814e-01   2.4161947e+00   1.3679582e+00   2.3476752e-01
   1.0000000e+00   3.4002153e-01   1.1866288e+00  -5.1030122e-01  -2.8663084e-01  -1.9607812e-01   1.3027957e+00   8.1694356e-01   8.0151803e-01   2.6852023e-01   1.3828193e-01
   2.0000000e+00  -3.0809195e-01   2.5960246e-02   1.0840080e+00  -3.6673125e-01  -8.6248743e-01   2.2804209e-01   6.9328735e-02   4.8584229e-01  -2.0467008e+00   6.7292670e-01
   1.0000000e+00   3.1342959e-01   7.8688936e-02   1.6419505e+00  -1.4610309e+00  -3.0830480e-01   6.4138980e-01  -1.5136724e+00   3.4502129e-01   1.1320606e-01   1.8094410e+00
   2.0000000e+00   1.4613276e+00   7.4689393e-01   1.0789833e+00   1.7970084e-01  -8.0619166e-01  -9.7149535e-01  -1.5060889e+00   7.3312943e-01  -3.1339248e-01  -9.6327317e-01
   2.0000000e+00   1.4095573e+00   3.1146651e-02   1.5603887e+00   2.8249153e-01   3.7869163e-01   1.1436222e+00  -8.1227820e-01   1.7334719e+00  -7.3511258e-01   8.7118430e-01
   2.0000000e+00  -4.5799835e-01  -9.9839503e-01  -9.9292160e-02  -6.5721372e-01  -1.5229581e+00   1.1829808e-01  -7.4624445e-01  -3.0891946e-01  -5.0966860e-01   1.7059407e+00
   1.0000000e+00   4.2662598e-01   9.3624122e-01   8.9189704e-01   1.5598151e-01   7.7776996e-01  -1.3141245e+00  -1.4902331e+00   7.8426420e-02   4.5614551e-02   6.0455732e-01
   2.0000000e+00   1.1358136e+00   1.7926344e-01   2.0569184e+00  -2.4503992e-01  -1.5681104e-01  -2.8225434e-01   2.7278166e-01  -1.2040995e+00  -4.4208932e-01   8.4345188e-01
   2.0000000e+00   2.1250429e+00   1.4756419e+00  -3.6249611e-01  -1.3817219e-01  -1.3536149e+00  -1.4566227e+00  -1.5187339e-01   7.6599069e-01   3.2161105e-01   1.7290114e-01
   2.0000000e+00   1.0758091e+00   6.4881178e-01  -4.2337350e-01  -9.9936155e-02  -1.4178552e+00  -9.5208728e-01  -2.3020444e-01   2.2608387e+00  -1.1391101e+00  -1.3225957e+00
   2.0000000e+00   9.7479881e-01   1.1824124e-01  -5.9578903e-01  -1.2771506e+00   5.4355218e-01  -3.5537880e-01   1.4999922e+00   4.9775021e-01   4.4171272e-01   1.6073781e+00
   2.0000000e+00  -5.2685866e-01  -7.2975534e-01  -8.1279279e-01  -1.1592205e-01  -1.3067515e+00  -1.7937856e+00   4.0588372e-01  -4.8288118e-01  -1.8149847e+00  -1.3209429e+00
   2.0000000e+00  -1.7500248e-01   3.2475320e-01  -4.2226485e-01   9.1375258e-01   9.8355600e-02  -1.1230804e+00  -6.6734160e-01  -7.3251269e-01  -5.7246347e-01   1.2388318e+00
   2.0000000e+00   2.1109786e+00  -2.7393181e+00   7.5292843e-01  -1.6417032e+00   1.1267009e-01  -1.6583760e-01  -9.8963597e-01   1.2270445e+00   5.5406581e-01  -6.0483865e-02
   2.0000000e+00  -1.3961754e-01   4.7064384e-01   1.5756889e+00   4.6363518e-02  -3.1158855e-01   1.0403609e+00   8.6811706e-01  -2.3322241e+00   6.4866965e-01   7.0151032e-01
   1.0000000e+00   3.5343094e-01   1.3982761e+00   2.5191367e-02   1.7439854e+00   1.3912570e-01   8.3041130e-01  -2.0299684e-01  -2.1084056e-01  -8.5024676e-01  -5.8842295e-01
   2.0000000e+00  -9.6122683e-01   6.6613865e-01  -2.3318793e+00   4.8222879e-01   1.1677332e-02   1.8711567e+00  -1.3677366e+00   1.4563559e+00   1.0606538e+00  -1.4811536e+00
   1.0000000e+00   2.7704484e-01  -3.8799506e-01   1.8711209e-01  -1.3637521e+00   6.2291923e-01   8.3015099e-01   6.3212357e-01   5.0125133e-01  -1.1416394e+00   1.8857787e-01
   2.0000000e+00  -1.4469775e+00  -9.7486418e-01   4.6375263e-02  -2.0911382e+00  -7.0415069e-01  -6.9582577e-01   1.0182019e+00   1.2775109e-01  -4.8812812e-01  -1.1229392e-01
   2.0000000e+00  -1.4957112e+00  -1.2597055e+00   1.9329670e-01  -3.9962826e-01  -5.6981666e-01   3.1801678e-01  -5.1479101e-01  -2.2402450e-01  -3.7695341e-01  -5.4911443e-03
   2.0000000e+00   8.4106358e-01   2.0825511e-01  -1.5091697e+00  -2.1775349e-01   9.4322610e-01   1.3260847e-01   1.9367448e+00   2.1890176e-01   9.3059434e-01   1.3630922e+00
   2.0000000e+00  -5.1665644e-01   2.7976074e-01   2.2035100e+00  -5.9600263e-01   1.8857609e-01   1.3272083e+00   1.0315076e+00   9.7399758e-01   2.1965921e-01   2.8653081e-01
   2.0000000e+00   2.9321098e-01   2.0271258e-01  -4.4187431e-01   4.4303206e-01   1.3163748e+00   5.0501116e-01   1.5084601e+00   8.3545334e-01  -1.4099484e+00  -8.2520089e-01
   2.0000000e+00  -1.8448699e+00   6.4291093e-01   3.3431601e-01  -6.9456536e-01   5.7242264e-01   2.1030110e-01   1.4099962e-01   1.0393132e+00  -1.9497294e+00  -7.4157563e-01
   2.0000000e+00  -1.2133627e+00  -1.9101537e+00  -9.1151176e-01  -2.7371533e-01   1.6283079e+00  -1.0880933e+00   4.5763547e-01   1.2714968e+00   5.4137930e-01   4.9015770e-01
   2.0000000e+00  -1.1447264e-01  -5.2480358e-01   1.6726521e+00   4.2593089e-01   1.0286432e+00   1.6211250e+00   1.0417968e+00   1.4645680e+00   1.9217902e-01   2.1154494e-01
   1.0000000e+00   3.7910968e-01   4.8517814e-01   2.3016729e+00   1.2703991e-01  -2.8101107e-01  -3.6895205e-01  -6.4532105e-01   2.8922583e-01  -4.5843098e-01  -1.4704760e+00
   2.0000000e+00   1.5593027e+00  -3.4799455e-01   1.7642907e+00   3.5876853e-01   6.5570385e-01  -1.0642555e+00  -7.9472180e-01  -9.4756895e-02   5.4981755e-01   9.4799991e-01
   2.0000000e+00  -3.1393646e+00   2.9989094e-01  -1.9703137e+00  -8.7836025e-01  -1.2846707e-01   7.7526835e-01   1.4961310e-02   1.5343514e+00   7.7285624e-01   6.8715918e-01
   1.0000000e+00   1.9495757e-01  -3.0402838e-01   6.3959017e-01   8.9995020e-01  -1.6098631e-01   2.2112926e-01   1.5584682e+00   9.7518723e-02  -3.5091126e-01  -2.3499858e-01
   1.0000000e+00   6.3984986e-02   8.0050752e-01  -5.0623004e-01  -8.8726718e-01  -7.2685265e-01   5.8141569e-01  -1.1654492e+00  -3.2237563e-01  -1.4494492e+00  -4.3590888e-01
   2.0000000e+00  -5.1695499e-01   1.2978171e+00   1.4715369e-01  -1.5065900e+00  -3.6168828e-01  -8.7328277e-02  -9.0560448e-01  -3.7874415e-01   4.1431700e-01   2.2032941e+00
   2.0000000e+00  -3.5095594e-01  -9.2952387e-01  -9.0150133e-01  -6.1071300e-01   4.2550448e-01  -9.5847105e-02   9.0015247e-02   2.1511071e+00   7.2538828e-02  -1.9528312e+00
   1.0000000e+00   4.4395982e-01   1.9263491e+00   5.7633777e-01   1.1872920e+00  -3.2181975e-02   3.1901483e-01  -6.1673792e-02  -4.5960515e-01  -1.3111348e+00   6.2416675e-01
   2.0000000e+00  -1.1127023e-02  -1.6067599e+00   4.1665660e-01   1.7920007e-01  -2.0422606e-02   3.3343248e-01  -5.5800558e-01  -2.0738147e+00  -6.2301410e-01  -6.7916999e-01
   1.0000000e+00   4.7933283e-01  -1.1317695e+00  -1.0351837e-01  -1.2457489e+00  -3.1534702e-01  -2.0805044e+00  -5.4594081e-02   8.2948609e-01  -1.1094302e+00  -3.5698320e-01
   2.0000000e+00   9.5309592e-01   3.9569274e-01   1.2779969e+00   8.8408269e-01   7.3792929e-01  -3.8377338e-01   1.3536916e-01  -2.0620121e-01  -1.2990293e+00   8.1986002e-01
   2.0000000e+00  -6.8338568e-01  -1.0555600e+00   6.2038978e-01   8.9447861e-02   5.1463667e-01   3.0475984e-01  -1.4773447e+00   2.5099428e-01   4.1059333e-02  -8.7721344e-01
   2.0000000e+00  -9.0517952e-02   1.2986806e+00  -1.3737880e-01   1.6562947e+00   6.4046785e-01   2.6867273e+00   3.8969763e-01   1.2215937e-01   8.5682836e-01  -6.1828413e-01
   2.0000000e+00  -1.2082822e+00   2.9370069e-02   8.8641526e-01  -5.4167840e-01  -3.8813361e-01   2.2331179e-01  -1.7885449e-01   7.4857078e-02  -3.1577643e-01   1.1017841e+00
   2.0000000e+00  -8.6950659e-01  -5.6634943e-04  -3.4475973e-01  -7.5406583e-02  -7.4442491e-01   1.2754196e+00  -5.5301538e-01   7.4294925e-01  -1.2306913e+00  -5.9430766e-02
   2.0000000e+00   1.1388209e+00  -9.6927950e-01   7.7982008e-02   2.2241511e-01  -1.6224766e+00   5.4691692e-01  -3.5543582e-01   9.0859371e-01   3.1067948e-01  -1.9219606e+00
   2.0000000e+00  -7.7696713e-02   6.2838044e-01   1.1057746e+00   1.0589542e+00  -2.1620358e+00  -9.5246759e-01   7.2418401e-01   1.5484472e+00  -2.9677137e-01   1.3966498e+00
   2.0000000e+00  -3.5801738e-01   1.0129911e+00   1.6834144e+00   1.5177642e-01  -2.9845527e-02  -1.5385458e+00   2.0846770e-01  -1.7942399e+00   6.2022708e-01  -1.5761176e-01
   2.0000000e+00   2.2155504e+00  -1.0045629e+00   4.5090543e-01   6.7526433e-01  -1.9018124e+00  -1.1517648e+00   3.3751334e-01   1.2559646e+00  -2.9671621e-01   9.8628186e-01
   2.0000000e+00  -4.9050863e-01  -2.5402154e+00  -9.2024120e-01  -6.2250861e-02   1.3908418e+00  -7.3747360e-01   1.6352689e+00  -7.9060808e-01   8.6298151e-01  -6.8329346e-02
   1.0000000e+00   3.7228326e-01  -1.4514047e+00  -1.5435246e-01   1.8553003e-01  -1.1181439e-01  -9.6777765e-01  -6.7945894e-01  -1.9224119e+00   1.0808092e+00  -1.7999557e-01
   1.0000000e+00   2.6603656e-01  -4.4138555e-01  -4.8459495e-01   6.8579320e-01   3.7892583e-02   7.7057611e-01  -1.3135436e+00   1.6614762e+00   8.3282555e-02   1.9141092e+00
   1.0000000e+00   2.5836496e-01   1.6938449e+00  -3.4888650e-01  -3.6254661e-01  -6.1351772e-01   3.5169755e-01  -5.2900410e-01   4.4114511e-01   2.5902421e+00   2.5267111e-01
   2.0000000e+00   1.3080821e-01   3.2894714e-02   5.2819162e-01   6.0398146e-01  -9.5116937e-01  -1.5798131e+00  -7.2853496e-01  -5.0070640e-01  -9.2543266e-01   1.0322561e-01
   1.0000000e+00   5.8035646e-01  -1.1025484e+00   1.5555670e+00   8.5341232e-01   2.4773692e-01   1.2539469e+00   7.1170320e-01   6.8971427e-02   1.1353904e+00   2.4975872e-01
   2.0000000e+00  -5.2631683e-01   4.5252822e-01  -3.1362809e-01  -1.1976068e-01  -1.9533607e+00  -1.9225627e-01   1.7976339e-01   6.2050041e-01  -6.1656389e-01   1.3339735e+00
   2.0000000e+00  -8.8193153e-01  -1.5329343e-01  -1.3000840e+00   1.2840497e+00   8.2684758e-01   7.2463087e-01   1.0546842e+00   1.0091674e+00  -1.9149434e+00  -3.2834204e-01
   1.0000000e+00   2.7448985e-01  -1.0744069e+00   4.9089296e-01   1.0348590e+00  -2.6953476e-01   1.1169919e+00   1.7492418e+00  -1.5347065e+00   9.0336445e-02   2.5525784e-01
   2.0000000e+00   1.5640232e-01  -1.1402779e-01   3.3895039e-01   8.3962134e-01  -2.3318431e+00  -4.7554281e-01  -2.1071334e-01   1.8017587e+00  -1.3681426e+00   4.0344567e-01
   2.0000000e+00  -7.6780923e-01  -7.3834662e-01  -1.2790035e+00   5.7784318e-01  -1.1774786e-01   4.3956204e-01   1.0213101e+00   4.7296506e-01   4.8167879e-01  -6.8164081e-01
   1.0000000e+00   3.2406797e-01   6.8239125e-01   1.1429060e+00  -9.9668867e-01  -1.3994909e-01  -7.0285175e-01   9.6257664e-01  -2.9341739e-01   8.9118295e-01   8.6752290e-01
   2.0000000e+00  -6.1172238e-02  -7.2687643e-02  -8.3609301e-01  -1.3317963e-01   1.0898807e+00   6.3555667e-02  -5.8108297e-01  -4.8197165e-01   1.8450066e+00   3.9934820e-01
   2.0000000e+00  -5.0002060e-01  -3.7143478e-01  -9.7896508e-01  -4.1736049e-02  -1.3000427e+00  -6.6568220e-01  -2.2685750e-01  -3.2857826e-01   3.9289747e-01  -1.7243293e+00
   2.0000000e+00  -6.6796231e-01   5.9828085e-01   3.7017744e-01  -3.1382214e-02   1.2978562e+00   7.0864023e-01   1.0985958e+00  -1.0930390e+00  -1.0611654e+00   3.1320669e-02
   2.0000000e+00   1.0677980e+00   5.2153449e-01  -1.2483036e+00  -2.8439766e-01   7.3890885e-01   7.5740237e-01   2.1257528e+00  -1.0991056e+00  -1.5031946e+00   6.4352013e-01
   2.0000000e+00  -4.8610117e-01  -7.0934471e-01  -1.7418198e-01  -5.1067089e-01   2.0212886e+00  -3.3404928e-01   2.2467216e-01  -1.5554571e+00  -5.7837807e-01   1.6417156e+00
   2.0000000e+00   4.9169543e-01  -3.5617250e-02   1.7121661e+00   5.7861658e-01   1.7652910e+00   8.0189754e-01  -3.9794289e-02  -9.5381784e-01   2.4098592e+00  -5.0325470e-01
   1.0000000e+00   1.0120829e-01   7.2483664e-01   5.5350120e-01   7.0018650e-01  -4.5811038e-01  -1.7998230e-03  -4.5388653e-01   8.4094802e-02   7.2248474e-01   5.6018567e-01
   2.0000000e+00  -2.6832323e-01  -1.4721304e+00  -6.4112091e-01  -2.1917474e-01  -3.2671977e-01  -1.5186735e-02  -9.8557897e-01  -1.7641729e+00  -6.2955319e-01   1.1410983e+00
   2.0000000e+00  -2.3914929e-01  -1.3406194e+00   3.3535559e-01   2.1755132e-02  -5.5567894e-01  -1.1558589e+00   6.5872304e-01   8.1575620e-01   3.7866706e-01   4.5505269e-01
   2.0000000e+00  -1.2790034e+00  -3.6528016e-01   6.1849002e-01  -4.5183980e-01   6.3291613e-01   7.9671514e-02   2.4739950e-01  -1.7061310e-01  -2.5460099e-01   1.3239584e+00
   2.0000000e+00  -6.6441460e-01  -8.2215652e-01  -1.8007614e+00  -6.7842856e-01   1.5646835e+00   7.3830488e-02   8.0974788e-01   8.6606991e-01  -6.9845865e-01  -4.7592805e-02
   2.0000000e+00  -1.8942924e+00  -1.3690194e-01  -1.1443341e+00   2.5049982e+00  -9.8219670e-01   6.1384681e-01  -1.4027238e-01   1.4602987e+00  -2.9389639e-01   8.7606478e-01
   2.0000000e+00  -6.6802164e-01  -1.5538040e+00   2.5276041e+00   8.3248422e-01   1.1082767e+00   5.1849334e-01  -7.6254258e-01   1.6337394e+00  -5.7727600e-01  -4.6214427e-01
   2.0000000e+00   1.1288247e-01   4.4282194e-01   4.6184798e-01   1.6406263e-01  -1.3442966e+00  -7.1384028e-01   1.0583283e+00  -9.9877864e-01   1.3142484e+00   2.4885245e-01
   2.0000000e+00  -1.5296600e+00   2.3007211e-01  -6.0784045e-01  -3.3007203e-01   2.0905981e-03  -9.7852742e-01  -1.3463015e+00   9.2924168e-01   7.9846997e-01   1.6009684e+00
   2.0000000e+00   1.3634407e+00   3.0324939e-01  -6.3821309e-01   1.6144241e+00  -2.7882527e-01  -4.6977732e-01   7.6574324e-02  -8.7490134e-01   1.7811269e+00   4.8173323e-01
   1.0000000e+00   2.0668651e-01   6.8307508e-01   8.6592538e-01   2.7536125e-01   1.8948816e-02   9.4902617e-01  -1.1028979e+00  -1.2233876e+00  -5.2309111e-01   1.5666891e+00
   2.0000000e+00  -7.5056105e-01   6.3171288e-01   3.0190312e-01  -1.2681168e+00   7.8125199e-01   1.1752478e+00   1.9175432e+00   6.3449062e-01  -3.8471403e-01  -1.1271531e+00
   2.0000000e+00  -2.5328254e-01  -4.6611444e-01  -9.2961034e-01   5.1616748e-01   2.8451887e-01  -1.0054831e-01  -7.7649754e-01   1.0931732e+00  -5.7765639e-01  -1.2957140e+00
   2.0000000e+00  -1.8268409e-01   2.2554010e-01   4.0790153e-01   1.2873636e-01   1.6427448e+00   5.4173339e-01   8.3771160e-01   1.6346982e+00   1.5791352e+00  -4.5154891e-01
   2.0000000e+00   1.1406248e+00  -1.1141323e+00  -1.6536955e-01  -2.2120173e+00   8.0990998e-01  -1.4206494e+00  -7.9272999e-01   2.3393361e-01   4.9489253e-01   6.1606519e-01
   2.0000000e+00   3.3508429e+00   5.7710244e-01   2.6350919e-01  -7.4860123e-01   2.3197385e+00   1.4139681e+00  -5.3573215e-01  -2.7843970e-01   1.2352356e+00  -3.9356643e-01
   2.0000000e+00   2.4760781e-01  -1.1856280e-01   9.5419903e-01  -1.3202701e+00   9.8987378e-01   5.3616883e-01   5.9958644e-01   1.6473350e+00  -1.2262397e+00  -6.6879248e-01
   2.0000000e+00   9.8604849e-02  -3.9725176e-01  -1.1635658e+00   2.7926906e-01   1.0473258e+00   1.0071845e-01   1.2358047e+00   1.2240030e+00  -6.6136489e-01  -8.4360333e-01
   2.0000000e+00   4.9274742e-01  -4.3665817e-01  -5.0375143e-01  -1.8291092e+00   1.3525813e+00   6.0430488e-01   3.0054635e-01  -1.4682663e+00  -2.1896696e+00  -7.5783596e-01
   2.0000000e+00  -5.5976205e-01   1.8311728e-01  -1.4603247e+00   1.8848448e-01   1.1618209e+00  -2.4803192e+00  -9.3004211e-01   1.0894161e-01   1.0742160e-01  -1.4156047e+00
   2.0000000e+00   1.0287163e+00   1.5084367e-01  -3.0626551e-01  -5.6801855e-01   1.1237301e-01  -1.5124231e+00  -6.6976308e-01  -1.9643086e+00   5.0747497e-01   1.2663368e+00
   2.0000000e+00   1.3929113e-01  -1.6707145e+00   3.7823963e-01   2.5326271e-01   1.3380712e+00   1.6191385e+00   7.5747631e-01  -5.6669937e-01  -5.1465925e-01   2.9590091e-02
   2.0000000e+00   2.6112979e+00   3.4372516e-01  -4.8982772e-01  -8.8930396e-01   2.6398999e-01   8.9867884e-01   3.4150030e-01   9.2657842e-01   9.5373222e-01  -5.6453992e-01
   2.0000000e+00  -8.2872942e-01  -2.4525496e-01   2.0816929e+00   4.2553412e-02   1.7431832e-03   6.8031453e-02   2.0421749e-01  -3.1451105e-01   1.1976393e+00   1.3879863e+00
   2.0000000e+00  -1.0975348e+00  -8.6318551e-01   1.2626072e+00   1.2279337e+00   1.1610892e+00   2.5580748e-01  -5.4548813e-01  -9.0578240e-01  -1.6810224e+00   9.0319839e-01
   2.0000000e+00  -1.5864935e+00   2.1820287e+00   6.1892674e-01   3.3954690e-01  -1.2410063e+00   3.4651850e-01  -1.3586140e-02  -2.8942907e-01  -1.8837679e-01  -6.9723165e-01
   2.0000000e+00   1.2271554e+00   8.2358014e-01  -1.2167283e+00   2.2305793e+00  -1.0141469e-01   5.4820697e-01  -2.7535912e-01   9.8935530e-01  -2.9620199e-01   1.1278172e+00
   2.0000000e+00  -6.9563893e-01  -4.2693370e-01  -1.7635988e+00  -3.1525090e-01   6.7582016e-01  -3.0024029e-01   1.3565383e+00  -5.5286931e-01   1.9070713e+00  -2.8690810e-01
   2.0000000e+00   6.6223804e-01   4.2637308e-01   4.8492554e-01  -4.7478663e-01  -1.8031060e+00  -3.1046195e-01   1.0463150e+00  -4.2853016e-01   3.4517093e-01   8.3293349e-01
   1.0000000e+00   1.5421471e-01  -9.0468418e-01  -4.7809703e-01   2.0207326e+00   3.0290458e-01   5.2467949e-01  -1.3526789e+00  -8.4732207e-01  -9.9332083e-01  -9.5539842e-01
   2.0000000e+00   5.1470976e-01   1.4148179e+00   7.9643990e-01   2.1880695e-01   1.0600831e+00  -7.7789183e-01   1.0544178e+00   5.4848007e-01   7.6188350e-01   3.2502232e-01
   2.0000000e+00  -4.9258170e-01   8.8200261e-02  -2.0528571e-01  -2.6571407e-01   6.4003855e-02  -1.1141504e-01   1.2899812e+00  -7.3037382e-01  -1.2340016e+00  -1.5216938e+00
   1.0000000e+00   7.9964934e-01  -6.7674971e-01  -1.1996911e+00  -1.4119669e+00  -3.8188288e-02   3.7255940e-01  -3.7638194e-01   1.4383781e+00  -8.0024479e-01  -3.5407901e-01
   2.0000000e+00   5.6993374e-01   5.4119928e-01  -4.7469029e-01  -2.2468330e+00  -7.3366814e-01  -1.8904763e+00  -2.1846106e+00  -3.4572619e-01  -9.7577912e-01   1.6177606e-01
   2.0000000e+00  -7.9242524e-01  -2.8625275e-01   1.2668868e+00  -1.7210845e-01   5.8281219e-01   6.1049575e-02  -1.3217064e+00  -5.3554279e-01  -1.1015113e+00   1.4419438e+00
   2.0000000e+00  -7.5889391e-01  -3.4922090e-01  -8.2730381e-01  -1.1552634e+00   1.4149569e-01   3.2439258e-01  -1.3704212e+00  -1.7697080e+00   9.5655672e-01  -2.7779881e-01
   2.0000000e+00   7.1646347e-01  -5.6918976e-01  -1.0400273e+00  -9.4877852e-01  -8.8325236e-01   5.8347198e-01   3.3413745e-01   1.2392481e+00   1.2602883e+00   3.2747918e-01
   2.0000000e+00   4.3391111e-01   9.1117208e-01   7.8954316e-01   2.8220028e-02   1.1540042e+00  -2.0621120e+00  -1.3592379e+00   1.1720189e+00   1.1940839e+00  -2.8029597e-01
   2.0000000e+00  -5.3705496e-01  -8.9808602e-01   4.6785500e-01   5.0489332e-01  -3.1134835e-01   9.4569829e-01   3.0604030e-01  -2.9969802e-01   2.7836964e-01  -1.0557911e+00
   2.0000000e+00   1.0528904e+00   3.0314595e-01  -9.3707847e-01  -1.3946082e+00   1.3114351e+00   1.8761154e-01  -2.1835321e+00  -8.2053352e-01   3.3984157e-02   1.6782941e+00
   2.0000000e+00  -8.9406583e-01  -4.2218463e-01   1.9130025e+00   1.3164436e+00  -1.4387289e+00  -8.9561253e-01   4.5940282e-02   1.7694875e+00  -2.2330928e-01  -1.8784039e+00
   1.0000000e+00   1.7708763e-01   1.0397647e+00  -8.5833173e-01  -8.4647661e-01   5.6521600e-01  -1.6569992e+00   2.2235960e-01  -1.1104346e+00  -9.2835306e-01  -8.1244271e-01
   2.0000000e+00  -1.1963190e+00  -7.9187589e-01   3.5836709e-01  -2.5383204e-01   1.7103381e+00   2.0021822e+00   1.0575541e-02   3.0663651e-01  -1.0804742e+00  -4.9621170e-01
   2.0000000e+00  -1.6282663e+00   2.9647336e-01  -2.2443992e-01   1.1227258e-01   8.8017897e-01   1.2518830e+00   1.6523386e+00  -3.7043512e-01  -9.4674902e-01  -1.9191951e-01
   2.0000000e+00  -1.8180999e+00  -1.0928142e+00  -1.2824490e-01  -6.0027256e-01   1.0349785e+00   2.0476748e+00  -1.2442527e+00   1.0871504e+00  -1.0311838e+00   5.4472583e-01
   2.0000000e+00   1.3292102e+00   6.2331774e-01   1.7905550e-01  -7.8799620e-01  -1.7013124e-01   1.7092928e-01  -5.6029267e-01  -6.4132687e-01   8.4780979e-01   9.4881420e-01
   2.0000000e+00  -8.3615871e-01   2.5431831e-01  -1.0524717e+00   1.4999505e-02  -1.9006287e+00  -1.2600580e+00  -8.1313048e-01  -1.2682099e+00  -8.8337725e-01  -1.7966147e-01
   2.0000000e+00  -2.0547825e+00   2.9541853e-01  -2.1003469e-02  -3.5783311e-01   1.5426463e+00  -9.3443676e-01  -5.2264975e-01   8.7377473e-01  -4.1891566e-02  -1.5227782e+00
   2.0000000e+00   4.6177542e-01   9.3500084e-01   7.7668854e-01  -7.6798858e-01   1.5321352e+00   8.3478337e-01  -4.6390686e-01  -7.2337792e-01   2.0591223e-01  -2.3005243e+00
   2.0000000e+00   8.3821412e-01  -3.4852525e-01  -3.0804934e-01  -9.1273816e-01   1.9493057e+00  -1.6061025e+00   1.2602708e-01   3.5523880e-02  -6.4646113e-01   7.8849297e-01
   2.0000000e+00  -1.0005593e+00   5.6740803e-02   1.2758757e+00   4.4382714e-01   2.9060069e-01   1.6492126e+00   6.4838290e-01   2.0932106e+00  -6.3396182e-01   4.7635792e-02
   2.0000000e+00   1.4144818e+00   1.2081768e+00  -6.2334993e-01   9.5999324e-01  -1.0153585e+00  -1.0320103e+00  -8.6312802e-01  -4.5818537e-01   1.3326433e+00  -1.6022958e+00
   2.0000000e+00  -8.9021612e-01   1.6910516e+00  -7.6495325e-01  -1.7817486e+00   2.4148702e+00   1.8106521e+00   1.2635477e-01   4.5527583e-01   1.8091747e+00  -3.9743108e-01
   2.0000000e+00   1.4414565e+00  -5.7445886e-01   7.1029410e-01   1.0225461e+00   2.2832596e+00  -1.0639928e+00  -7.8641625e-01  -1.4492174e+00  -7.7496250e-01  -1.8839110e-01
   2.0000000e+00   1.8222207e+00   1.1552803e-01   5.8911101e-02  -2.4564362e-02  -4.7323963e-01   1.0535582e+00  -1.5662698e+00  -1.7730780e+00   3.5120244e-01   1.6706921e+00
   2.0000000e+00   8.8862958e-01   8.1872638e-01  -1.2371935e+00   7.4598355e-02  -9.3798025e-01  -1.8811752e-01   6.0931919e-01  -1.9148411e-01  -4.0220390e-01   8.2303285e-01
   2.0000000e+00  -7.7618135e-01  -1.0410755e+00   5.6199700e-01   2.3148660e-01   5.1894814e-01   1.6195670e+00  -3.2821239e-01   4.5620334e-02  -3.2271542e-01  -2.5690805e-01
   2.0000000e+00   8.8277972e-01  -2.3909998e-01  -2.9936014e-01   2.8725441e-01   6.7245557e-01  -1.3498373e+00   2.9462935e+00   1.2646592e+00   1.3777405e+00   2.7385162e-01
   2.0000000e+00  -7.9181146e-01   4.4144946e-01  -3.5535421e-01  -1.5610609e+00  -4.2990719e-01   7.3625270e-01   2.5568942e-01  -2.1511391e-01  -7.5058946e-01   4.7084512e-01
   2.0000000e+00  -5.3913319e-01   6.0804450e-01   1.8174849e+00  -4.1674508e-01   3.5108574e-01   1.3540508e+00   5.2776587e-02   1.0263563e+00  -3.3689954e-01  -5.9956424e-01
   2.0000000e+00  -1.5839738e-01  -2.7025135e-01  -6.2908101e-02  -7.3810872e-01   5.2042606e-01   1.1533552e+00  -7.4748352e-01  -4.9413393e-02   1.1525801e-01  -7.5302996e-01
   2.0000000e+00  -2.1456559e-02  -7.8848632e-01   1.4551438e+00  -7.9529968e-01  -1.1405126e+00   1.1425828e+00  -2.7638233e-01  -3.1497735e-01  -1.9439501e-02  -4.7732785e-01
   1.0000000e+00   1.4685258e-01  -1.0205160e-01  -5.9902636e-01   2.8646582e-01  -7.0775357e-01  -1.3781531e+00   7.5657232e-01   7.9171563e-01   8.5932067e-01   7.2456550e-01
   2.0000000e+00  -8.6832867e-01  -2.1087758e-01  -1.9795483e-01  -1.2740052e+00  -2.1906988e-01  -2.6663146e+00  -8.9949340e-01   1.7475835e+00   8.2859952e-01   5.4318162e-01
   1.0000000e+00   3.8825491e-01  -5.3940458e-01  -2.7020037e-01   1.4717932e+00  -2.1588666e-01  -1.5152128e+00   3.1071699e-01  -9.1162468e-01  -1.9398212e+00   2.1131495e-01
   2.0000000e+00  -9.7782583e-02   3.6903340e-01  -2.4478314e-01   1.4075627e+00   6.2058123e-01  -7.1841882e-01  -1.7549395e+00  -1.8229975e-01  -2.9060571e-02  -5.7082022e-01
   2.0000000e+00  -1.5553269e+00   1.4639111e+00  -1.9231907e+00   7.9554883e-01   1.2066996e+00   1.3945819e+00   1.5999996e-01   1.7367258e+00  -1.3852124e+00  -4.5769791e-01
   2.0000000e+00  -2.6352492e-01   7.6843698e-01  -1.3603554e-01  -1.7613981e+00  -1.3663262e+00   8.1706912e-01   4.8046901e-01   2.5299358e-01   1.9124823e+00   4.2947040e-01
   2.0000000e+00  -7.5514697e-02   8.6638032e-02  -7.9868518e-01   5.6811267e-02  -3.0717121e-01  -2.2099743e+00  -1.4374823e-01  -5.2428807e-01   2.9712822e-02  -1.3878758e+00
   2.0000000e+00  -6.2479914e-01  -6.5695675e-01  -7.5759923e-01   1.4408444e-01   1.4734715e+00   4.4550929e-01  -4.3989542e-01  -2.1945050e+00  -9.6149647e-01  -5.0833261e-01
   2.0000000e+00   2.0923472e+00  -1.4795943e+00   1.0766775e+00   8.9654028e-01   3.9638694e-01   1.8298059e-01  -7.9079559e-01  -9.1001127e-01   1.3278289e+00  -1.4599628e+00
   1.0000000e+00   5.5463751e-01  -1.4380469e+00   5.2234666e-01  -5.4629479e-01  -2.8046605e-01  -2.4777402e-01   2.3005663e-01  -1.6652948e+00  -1.4507588e-01   3.2397682e+00
   2.0000000e+00  -5.2031141e-02  -6.2687310e-01  -2.8622652e-01  -1.1250333e+00  -2.6607485e-01  -1.0281624e+00  -3.7556307e-01   8.9204615e-01   8.3878583e-01  -1.5452997e+00
   1.0000000e+00   3.2743736e-01   8.4482656e-01   1.8784960e+00   3.4597219e-01   5.0999259e-01   2.5584927e-01  -1.3155367e+00   2.7694198e-01   1.5432812e+00   4.1624206e-01
   2.0000000e+00  -7.0433262e-01  -1.2892121e+00   2.0650991e-01   8.5523368e-01   4.1301598e-01   4.3393761e-01   1.2240013e+00  -1.2450001e-01  -8.7658488e-01  -5.2955856e-01
   2.0000000e+00   5.5248511e-01   2.3080072e+00   8.8317609e-01  -1.7077595e-01   6.1517703e-01  -6.4827752e-01  -6.2840540e-01  -1.1471192e+00  -2.3481521e+00  -5.0574356e-01
   2.0000000e+00  -4.9525715e-01   2.1911917e-01  -1.3510677e+00  -4.7058592e-02  -5.2029168e-01  -7.3017909e-01  -1.3757837e+00   2.5246809e-01   8.1802411e-01  -5.3913936e-01
   1.0000000e+00   5.2338246e-01   9.6239967e-01   7.6199008e-01  -1.6067275e+00   3.3513697e-02   1.3478134e+00   1.6790419e+00   2.2591736e-01  -8.5043830e-01   7.0622289e-01
   2.0000000e+00  -2.3088008e+00   4.8938106e-01   1.0099227e+00  -3.7141560e-01   1.7630592e+00   7.7762915e-02   7.0819587e-01   5.1631159e-01  -5.6767265e-01   2.9645102e-02
   2.0000000e+00  -4.7472199e-01   3.7259671e-01   8.2035150e-01  -1.1439588e+00  -7.4923703e-02  -4.1918080e-01   4.7006133e-01   8.7881703e-01   1.7354448e-01  -6.5735013e-01
   2.0000000e+00   2.0347758e+00   4.3892211e-01  -1.4987531e+00  -1.5792712e+00   2.3448449e-01  -7.4214868e-01   3.8315360e-01   5.7291939e-02   3.0284191e-02   5.8523462e-01
   2.0000000e+00   4.9211171e-01   1.5202950e+00  -1.0227648e-01   1.6138667e+00   1.6525701e+00   2.8139713e-01  -4.5452761e-01   1.7541830e+00   8.6569969e-02  -1.5035704e+00
   2.0000000e+00   1.3844493e+00  -1.7505726e+00  -3.0249951e-01  -1.3719327e-01  -2.5687080e-01  -1.6111840e-01  -6.7634401e-01   6.3243304e-01   5.4263056e-03   1.2886313e+00
   1.0000000e+00   1.7980289e-01   6.7611179e-01  -1.2742923e-01  -9.6560643e-01   2.3312612e-01   3.8174493e-02   1.2382159e+00   1.3797548e+00   9.2721876e-01  -8.1508303e-01
   1.0000000e+00   4.1219011e-01  -3.7669649e-01  -1.7573244e+00  -1.0399485e+00   5.8288645e-01   1.5524969e+00   6.8358875e-01   2.8572734e-01   1.0078150e+00   1.5633233e+00
   2.0000000e+00  -6.0853095e-01   1.6623880e+00  -2.0820134e-01   1.1396857e+00   1.4656054e+00   6.8266333e-01  -2.9716007e-01  -1.4433024e+00   2.4055586e-01   5.8358396e-01
   2.0000000e+00  -1.0625688e+00   5.7340564e-01  -1.8868641e+00  -1.2609264e+00  -7.1276483e-01  -4.0024235e-02   2.3027068e+00  -1.6608427e-01  -8.5004817e-01   1.0611076e+00
   2.0000000e+00   1.9423405e-01  -5.5598915e-01   7.3062160e-02   1.6563261e+00  -9.8723396e-01   6.6893120e-01  -1.3652480e+00  -2.7982406e-01  -1.1913644e+00  -1.7203108e-01
   2.0000000e+00  -4.7611523e-02   6.5414681e-01  -6.9255905e-01   7.5238890e-01   2.0577811e-02  -1.1345104e+00   2.7019710e-01  -7.4110903e-01  -3.2913548e-01  -1.7406769e-01
   2.0000000e+00   9.3456127e-01   7.4072487e-01   4.8389221e-01   3.5534222e-01   9.4158287e-01  -1.2383014e+00  -3.2282963e-01  -1.3733065e-01   8.5289702e-01   5.4290759e-01
   1.0000000e+00   2.3717118e-01   1.8669641e+00   3.3007879e-01   9.8004617e-01  -5.5842081e-01   2.4193025e+00   4.9653843e-01   4.3526792e-01   1.1965172e+00   9.0642136e-02
   1.0000000e+00   2.3953858e-01   8.4723323e-02   1.0181529e+00  -3.7407916e-01  -2.9647182e-01   4.3225443e-02   1.3566851e+00  -1.7971767e-01  -2.4750348e+00   1.0093372e+00
   2.0000000e+00  -2.6741696e-01   1.3924660e+00   4.2981832e-01   4.3493995e-01   5.9834161e-01  -1.6388287e-01   2.8333063e-02  -1.1479004e+00   1.7815062e-01  -5.4074233e-01
   2.0000000e+00  -7.5735631e-01   1.5293001e-01   5.3713273e-01  -8.8067398e-01   3.4119362e-01   6.5405850e-01  -5.7992030e-01  -1.0943064e+00  -1.2878666e+00  -5.5213058e-01
   1.0000000e+00   7.1697616e-01   3.4521422e-01  -5.4586195e-01  -1.4176906e+00  -3.2481852e-01  -1.6501845e+00  -1.1813624e+00  -1.3761324e-01  -4.3139181e-01   1.1570824e+00
   2.0000000e+00  -1.9181701e+00   8.0665681e-01  -9.4629703e-01  -2.8214359e-01  -1.1073114e+00   1.0485892e-01  -2.5147330e-01  -2.3726806e-01   1.0676669e+00  -2.9999094e-01
   2.0000000e+00  -1.1193611e+00   1.1835105e+00   2.5087097e-02  -4.8613890e-01   2.1730683e+00   1.8148490e+00  -9.8011930e-01  -2.3984990e-02  -6.9959063e-02   1.2139299e+00
   2.0000000e+00   5.3603328e-02  -1.7959250e-01  -9.8691789e-02  -1.8693465e+00   1.1135613e+00   3.4829953e-01  -1.7109167e+00   8.0994719e-01   7.0275767e-01   3.1906903e-01
   2.0000000e+00  -1.0860238e+00  -1.5690304e+00   8.1792830e-01  -6.2966186e-01   5.0884266e-01   1.0553588e-01   1.3639141e-02  -1.3249833e+00   2.1417938e+00   4.3649948e-01
   2.0000000e+00   4.4279314e-01  -4.3519775e-02  -2.1501884e+00  -5.6080288e-01  -1.8319935e+00  -1.2308305e+00  -6.7467217e-01   1.9653327e-01  -1.0759078e+00  -1.8441578e+00
   2.0000000e+00   8.8151404e-01   1.0138457e+00   5.3531838e-01  -1.4765905e-01   1.2472192e+00  -9.0939281e-01  -1.2310043e-01   1.3551173e+00  -1.2741569e+00  -1.7799059e+00
   1.0000000e+00   1.5294086e-01  -6.1445510e-02  -5.0069068e-01  -9.3760359e-01  -5.5144859e-01  -9.7901699e-01  -9.7650602e-01   1.4539692e+00  -1.7216987e+00  -5.4192032e-01
   2.0000000e+00   2.3803635e-01   6.6812325e-01  -1.6154613e+00  -1.9367158e+00  -9.0428881e-01   4.2764310e-01  -4.4769862e-01  -3.1050219e-01  -1.3624246e+00  -1.1782440e-01
   2.0000000e+00  -8.7766143e-01   5.7468888e-01   7.2466170e-01  -9.1893966e-01  -2.7149084e-01  -2.5606609e-01   4.1872216e-01   4.4652436e-01  -1.2063664e+00  -8.9021544e-01
   2.0000000e+00   1.7732749e+00   5.2730672e-01   1.3246833e+00   6.6097740e-01  -1.0989580e-01   1.6640081e+00   2.1154793e+00   8.7662866e-01   1.5668470e+00  -5.5096650e-01
   2.0000000e+00  -1.2685978e+00   7.0050089e-01  -4.8547735e-01   6.8091340e-01  -1.1085428e+00  -2.2608118e+00   1.0858984e+00   8.0198705e-01  -2.0959682e-01   2.7384171e-01
   2.0000000e+00  -1.5620055e+00   8.0320536e-01  -1.5596207e+00  -2.0890718e+00   8.1225125e-01  -1.1882766e-03   1.4509093e-01   2.6968739e-01   1.4453971e+00  -1.2345105e+00
   2.0000000e+00   7.8166096e-01  -3.0416375e-01   9.6054561e-01  -3.2303241e-01  -8.5317925e-01   6.9303510e-01  -2.0610113e-01  -9.6791041e-01   1.0814709e+00  -9.0730737e-02
   2.0000000e+00  -6.3327017e-01  -1.6198934e+00  -2.0957494e-01   2.4226076e-01   8.0095237e-01   4.8606015e-01  -5.0212590e-01  -6.4195853e-02  -1.2751632e+00  -1.3081933e+00
   2.0000000e+00  -1.3509411e-01   1.1616124e+00  -1.1257266e+00   1.5977237e+00   1.8187532e+00  -1.1694273e+00  -6.7012174e-01   4.6927013e-01   2.9833791e-01   1.1749630e+00
   2.0000000e+00   7.5270860e-01  -1.8322143e+00   1.2777445e+00  -4.4313710e-01  -1.9481566e+00  -8.1118453e-01  -8.9502725e-01  -7.4797497e-01   3.2933387e-01  -2.9162254e-02
   2.0000000e+00   1.7450990e+00   2.4604277e+00  -3.7130379e-01  -8.4706355e-01   2.4594449e-01  -3.1391689e-01   1.9925138e-01   3.8625565e-01  -4.4229047e-01   2.3208821e+00
   2.0000000e+00   1.1490676e-01   1.4066276e+00   4.9768364e-01   3.8201615e-01  -1.1970379e+00  -5.2087192e-03  -3.2013332e-01  -1.4570111e+00  -4.8457938e-01  -1.1167712e-01
   2.0000000e+00  -1.7449436e+00  -1.3284967e+00  -7.4478757e-01  -9.8701502e-01  -1.5848677e-01   6.6058477e-01  -1.4312792e+00   4.8286662e-01  -5.2938194e-02  -5.9416763e-01
   2.0000000e+00   7.2624218e-01   2.3372094e+00   1.6745737e+00  -1.2509706e+00  -1.0874392e+00   3.9141125e-01   5.0778828e-01  -7.7267299e-01  -1.1602554e+00   1.0754535e+00
   2.0000000e+00   4.9598513e-01   2.3362766e-01   2.0412966e-01  -6.4383966e-01   8.5742398e-01  -5.7952344e-01  -8.9455003e-01   6.5177830e-01  -4.1041755e-01   3.0095668e-01
   2.0000000e+00  -3.9808319e-01   5.9297058e-01  -4.8668344e-01   1.5865306e+00   3.8013971e-01   1.5109619e+00  -1.5416786e-01   1.0042076e+00  -9.6875860e-01   6.7719382e-01
   2.0000000e+00  -5.9766192e-01  -6.0679508e-01   1.4672688e+00   6.8464852e-01  -1.5386489e+00  -9.4608449e-01   7.9808927e-02   4.8852069e-01   6.1504708e-01  -5.7080495e-01
   1.0000000e+00   8.5767492e-01  -1.6148738e+00  -5.2955200e-01   6.3890360e-01  -1.2462767e-01  -1.2755227e+00   1.2280714e+00   3.4048293e-01   2.4339999e+00   9.0381195e-01
   2.0000000e+00   1.6252003e+00   1.0104391e+00   1.4959106e+00   7.7703321e-01   1.0819062e+00   1.3939162e+00  -8.5014691e-01   7.5805489e-01  -1.4383624e+00  -3.9411938e-01
   2.0000000e+00   5.7604494e-01  -1.7236869e-01  -1.9964477e+00   4.8091807e-01  -1.0909938e+00  -6.3024472e-01   6.4389841e-01  -1.8719578e+00  -1.2332467e-01   5.5669691e-01
   2.0000000e+00   7.2677392e-01  -2.2862955e-01   2.5889785e-01   1.3274296e+00   9.3155056e-01  -5.6945075e-01   2.0382368e+00   1.5467769e+00  -1.2032915e+00  -1.5459536e+00
   2.0000000e+00  -1.3947327e+00   6.7872088e-02   1.6348365e-01  -2.9179078e-01  -1.4904939e-01   1.3372041e+00  -1.3887744e+00  -3.6824586e-01   1.3700404e+00   5.9755392e-01
   2.0000000e+00  -2.7842398e-02   1.4565981e+00  -6.8241246e-01   3.4885281e-01   6.8747762e-01  -2.2435844e+00  -4.1977396e-01  -6.7470813e-01  -1.5154106e+00  -1.6784739e-01
   2.0000000e+00  -9.5133379e-02   4.1011055e-01   9.0461798e-01  -2.1432911e+00  -5.6949829e-01   1.4954913e+00   4.5198772e-01   3.0320633e-01  -1.1153096e+00  -2.5862277e-01
   2.0000000e+00   8.9767770e-01   6.8816254e-01   1.1915310e+00   8.3000962e-01  -1.2880250e+00   7.7653892e-02  -2.9717446e-01  -2.8445041e-01  -2.3760960e+00  -3.3356714e-01
   2.0000000e+00  -4.7766324e-01  -9.9389352e-01   4.4231149e-01  -1.3082821e+00   2.8982666e-01  -1.3619397e+00  -5.4134317e-01  -1.2188411e+00   1.2974686e-01   7.2437460e-01
   2.0000000e+00   5.1973465e-01   1.0319890e+00   6.1322294e-02  -8.5479537e-01   1.3965200e+00  -1.0980038e+00  -2.0386421e+00  -3.1244076e-01   2.4634021e-02   5.8069489e-01
   2.0000000e+00  -8.4384901e-01  -3.3364090e-01  -7.3912773e-01   5.5406058e-01  -9.8590209e-01   3.1798592e-01   1.2484119e+00   9.1904968e-01  -1.6024076e+00   5.9210810e-01
   2.0000000e+00   1.1495728e+00   8.9306141e-01  -3.2905824e+00   7.1163982e-01  -1.6762929e-02   2.9200619e-01  -1.2099229e+00  -2.0307089e+00  -3.7694130e-01   2.2101506e-01
   2.0000000e+00  -1.3458647e+00  -2.9643342e-02   1.2262349e+00   3.4943940e-01  -1.2145367e+00   1.1953647e+00  -7.5405165e-01  -7.0891524e-01  -9.8510373e-02   1.6340815e+00
   2.0000000e+00   1.2056620e+00  -1.5044143e-01   1.9395353e+00   3.8637338e-01  -4.0546200e-01   2.4667674e-01   3.0461431e+00   1.5142237e+00   1.1670152e+00  -2.9928486e-01
   2.0000000e+00  -5.2586293e-03   1.5992905e-01   2.1919285e+00  -3.8096690e-01   1.4812104e+00  -6.1501566e-01   7.4016442e-01  -7.8674345e-01  -1.0067213e+00  -1.5585045e+00
   1.0000000e+00   6.8429549e-01   7.9374000e-01   6.9653644e-01   1.7684680e-01   5.2047897e-01   5.1655208e-01  -5.1511348e-01  -2.0299633e-01   1.5320816e+00   1.3597298e+00
   2.0000000e+00  -9.5467501e-02  -5.7369912e-01   3.9927044e-01   4.4764725e-01  -6.2511228e-01  -8.6363397e-02  -7.1521193e-01  -1.4937413e+00   1.5508218e+00  -7.9464983e-01
   2.0000000e+00   6.6271463e-01  -4.6543633e-01   9.5357082e-01   9.2624002e-01   2.1428333e+00  -7.1474814e-01   1.9311886e+00   4.1848361e-01   3.8309487e-01   2.3525438e-03
   2.0000000e+00   2.0415082e+00  -1.1168751e+00   5.3757710e-01  -1.3059484e-01   6.2331459e-01  -2.5672661e-01   3.8893520e-01   1.9580978e+00   6.8743412e-01  -2.7119560e-01
   2.0000000e+00  -1.8998818e+00   1.4292179e-01   9.4737470e-01   4.5667404e-01  -4.2177985e-01   1.0227840e+00  -1.2033950e+00   2.1561233e+00   7.3623157e-01  -3.1060589e-01
   2.0000000e+00   1.0053759e+00   2.4501951e+00   4.5710142e-01  -4.8748572e-01   6.6022819e-01  -7.4984854e-01   1.9549432e+00   7.1261638e-02  -1.1224236e+00  -3.0538025e-01
   2.0000000e+00  -1.6410865e-01   5.0706308e-01  -7.5076138e-01  -2.3867588e+00   6.5704244e-01   2.9282135e-01  -2.2924190e+00   2.1311840e-01   2.3136821e+00   1.8640013e+00
   2.0000000e+00  -4.3596152e-02   1.6660040e-01   1.3285167e+00   4.0465359e-01   1.2113000e+00  -1.0391173e+00   4.3113486e-01  -1.6680228e-02  -1.2771144e-01  -1.0689989e+00
   2.0000000e+00   3.2024742e+00  -8.7888362e-01   1.6293361e-01  -2.8587522e-01   4.4388675e-01  -3.0435383e-01   3.5177973e-01  -1.2528788e+00   2.2039110e-01  -1.6160376e+00
   2.0000000e+00  -1.0153850e+00   7.6912311e-01   3.3501966e-01   4.0713503e-01   1.0861742e+00  -2.3590820e-01  -3.6582952e-03  -3.7781580e-01   5.4461878e-01   5.1827427e-01
   2.0000000e+00  -9.6510847e-01   2.2210221e+00  -6.6670737e-01   2.3559660e-01  -4.7981004e-01   4.9166490e-01   9.0817691e-01  -9.8575115e-01  -1.0999620e+00  -1.7499352e+00
   2.0000000e+00  -1.4000370e-01   6.5267977e-01   3.5656498e-01  -7.8882799e-01  -1.7989463e-01  -2.9285487e-01  -7.9669814e-01   7.2343185e-01  -1.4024099e+00   5.9651907e-01
   2.0000000e+00   1.6230618e+00   1.5519370e+00   3.3469437e-02   7.5769689e-02  -3.8262727e-01   1.3484619e+00  -1.1257528e-01   7.2174402e-03   3.8263790e-01   6.0205015e-01
   2.0000000e+00   4.5161064e-01  -2.6870467e-01  -4.4779452e-01   8.8822409e-01  -8.9504726e-01  -8.7776512e-01   1.5852908e+00   2.0959171e+00   5.7277895e-01   1.0996439e+00
