   2.0000000e+00  -2.0107087e-01  -1.2706733e+00  -1.6099820e+00   8.0194179e-01   1.5049728e+00   7.8530369e-01   2.0123423e-01   1.8771208e+00  -2.9435503e-01  -6.1375648e-01
   1.0000000e+00   4.5789449e-01   4.8110777e-01   3.4203846e-01  -1.8802853e-01  -6.8014502e-01  -1.6388190e+00   3.7786315e-01   1.5444754e+00  -2.7617808e-01  -3.1332446e+00
   2.0000000e+00   6.1312241e-01  -8.4879666e-01   6.6093493e-01  -1.6464834e-01   1.5231043e+00  -6.3054509e-01   4.3845076e-01   7.0449154e-01  -7.0670072e-01   1.3390473e+00
   2.0000000e+00   1.2149761e+00   7.7310497e-01  -7.7635564e-01  -1.6474242e+00   2.0528560e+00   2.2411501e-01   1.1388117e+00  -2.1411820e+00  -1.2101535e+00  -3.3393072e-01
   2.0000000e+00   4.7467352e-01  -2.1903597e-01  -3.6826174e-01   3.0414761e-01  -1.3311528e+00  -4.3719590e-01  -9.3552499e-01  -9.1252191e-01   5.7501748e-01  -2.7131434e-01
   2.0000000e+00   4.9096304e-01  -6.0060567e-01   1.5598604e+00   1.0585405e+00   6.9063650e-01  -1.0151894e-01   2.1090441e-01  -1.2955434e+00   1.6131375e-01   8.5527401e-01
   2.0000000e+00   2.2049887e+00  -8.9073546e-01  -1.8815695e-01  -6.2191221e-01   1.1963885e-01   7.2399096e-01   8.3068275e-02  -1.6776267e-01  -2.3530772e+00  -1.6469170e+00
   2.0000000e+00  -5.1550998e-01  -5.1797413e-01   2.1689627e+00  -2.3908516e-01   1.6620272e-01  -2.1392368e-01  -8.3517030e-01  -5.7535468e-01   1.1492649e-01   5.6017875e-01
   2.0000000e+00   6.2989142e-01  -1.8989046e+00  -2.6655684e-02   6.7664589e-02  -5.1441512e-01   5.1437541e-01   4.2480253e-01  -1.9103423e+00   1.3999744e+00  -2.6058602e-01
   2.0000000e+00   6.2590358e-01  -1.0358925e+00   1.1989047e+00  -7.9034394e-01  -2.3603864e-01  -6.8984725e-01   1.9566352e-01   1.0532164e+00  -4.6433675e-01  -5.1621690e-01
   2.0000000e+00   4.2081020e-01  -8.8276758e-01   5.8810160e-01  -1.7241040e+00   1.1798116e+00   2.0464016e+00  -1.2495302e+00  -1.4454333e+00  -1.0288966e+00  -5.5543193e-01
   1.0000000e+00  -5.8466595e-01  -2.0825972e-01   6.5687147e-01   2.7148985e-01  -9.0868149e-01  -9.2181400e-01   8.4878012e-02   4.3737998e-01   3.9050010e-01  -1.9997979e-01
   2.0000000e+00   1.2157604e+00   2.8624902e-01  -1.1715691e+00  -2.1820501e-01   4.3649975e-01   1.5624566e+00   4.0573234e-01   4.1673689e-02  -1.3884037e+00  -9.4622451e-01
   2.0000000e+00  -2.0557946e-01   1.5478399e+00   3.1192521e-01   1.8534170e-01   9.1880667e-01  -9.3655020e-01  -3.6864837e-01   1.3950988e+00   1.2413698e+00  -8.6207597e-01
   2.0000000e+00   9.2018799e-01   5.4638223e-01   2.3420085e+00   1.2476900e+00   8.4542379e-03  -1.0736112e+00  -5.3557429e-01  -9.5218664e-01  -1.1464469e+00  -5.9905794e-02
   2.0000000e+00   2.5416840e-01  -1.4225038e+00   3.1497039e-02  -3.6173944e-01   7.4888096e-01   6.4557823e-01   1.2217327e+00  -1.8133525e+00  -2.1864401e+00  -1.1224947e+00
   2.0000000e+00   1.0192843e+00  -1.1644860e+00   9.2740926e-02  -1.4783054e+00  -3.1918342e-02  -2.6156543e+00   7.3031556e-02   1.8880697e+00  -4.9955334e-01  -4.5415574e-01
   2.0000000e+00   2.9920191e-01  -2.7842108e-01  -7.6236537e-01   3.3188947e-01   1.1495285e-01   3.3587204e-01  -1.2423842e+00  -1.1281842e+00   1.0845986e+00  -1.4341206e+00
   2.0000000e+00   3.0796306e-01   1.0897123e+00   1.0240664e-01   9.5042169e-01  -7.0290767e-01  -3.4319909e-01   1.1652894e+00   6.2610323e-01   5.6662517e-02   2.4520950e-02
   2.0000000e+00   3.5284301e-01  -5.1182979e-01  -1.9476602e+00   3.3888098e-02   1.5242663e+00  -3.5591523e-02   1.4022502e+00   7.1098847e-01   9.7258195e-01   1.3231119e+00
   2.0000000e+00  -1.2965004e+00  -5.4905554e-02  -1.1673984e+00  -2.4680828e+00  -2.1064923e+00   6.7387634e-01   3.1987931e-01  -2.3173267e+00  -7.3787363e-01  -1.8764442e+00
   2.0000000e+00  -7.8869072e-01  -1.8009438e-01  -3.0725833e-01  -1.8677192e+00   8.3015429e-01   1.1249122e+00  -5.3139969e-01  -2.9035876e-01  -5.6536904e-01  -8.5388671e-01
   2.0000000e+00  -9.0281920e-01   8.9929240e-01   1.1637053e+00   9.1269508e-01  -1.4915667e-01   1.0238840e+00   2.0259114e+00  -1.3281979e+00  -3.9840339e-02  -3.5024705e-01
   2.0000000e+00   2.7348864e-01   4.2902764e-01  -1.2024422e+00   2.5598058e-02  -1.9462264e-01  -1.0418114e+00   2.8079186e-02   6.1181195e-01   2.9983335e-01   1.2616922e+00
   2.0000000e+00  -7.6537262e-01   1.1572167e+00   1.0273565e+00  -4.3903014e-01  -6.2462589e-02   7.2399205e-02  -1.1528677e+00  -6.6498650e-01   3.3275179e-01   1.1212874e+00
   2.0000000e+00   9.2809866e-01   8.9593994e-01  -2.2318071e+00   4.7155453e-01  -4.6274301e-03   8.8400407e-02  -7.5616078e-01  -1.6092131e-01   6.8154112e-02   2.1194018e-01
   2.0000000e+00   2.7326379e-01  -2.1931381e+00   8.8450844e-01  -8.5732598e-01  -2.8449114e-01   6.1660229e-01  -4.2037226e-01   1.6957598e-01   1.3054605e-01   5.1584383e-01
   2.0000000e+00   3.8691294e-01   1.0351346e+00   1.1017485e+00   3.0847354e-01  -5.1155977e-01   1.9696339e-01   4.3368037e-01  -3.2926703e-01  -2.5128434e-01  -1.5807832e-01
   2.0000000e+00  -1.0249098e+00  -1.1014926e+00   8.8259793e-01   3.8580960e-01  -3.9906647e-01  -7.9158700e-01  -2.4710586e-01  -2.3193122e-01   2.7862436e-01   1.9950315e+00
   2.0000000e+00  -2.9050237e-01   4.0986372e-02  -1.6072319e+00  -4.2526854e-01  -1.2065128e+00  -1.6732270e+00   5.7036457e-01   2.3167488e-01  -8.9368732e-01  -1.9671494e+00
   2.0000000e+00  -7.9040970e-01   1.6197929e-01  -1.0616794e+00  -7.1134125e-02  -5.6197966e-01   2.2689092e-01   2.8922798e-01  -1.3423223e+00   1.2386453e-01  -3.4395184e-01
   2.0000000e+00  -1.1265246e+00   3.9102445e-01  -1.1307599e-01  -4.0423952e-01   4.9700338e-01   5.2095817e-01  -2.4814976e-01   1.4057961e+00   1.2447420e+00   1.9719379e+00
   2.0000000e+00   7.1100496e-01   2.0582058e+00  -1.7883200e+00   1.5765508e-01   6.7033765e-01  -5.5619941e-01  -3.2316773e-01   9.5848956e-01   2.1250720e-01  -1.7598967e+00
   2.0000000e+00   8.2016014e-01   6.1016844e-01   1.8298128e+00  -5.0777704e-01  -6.6363489e-01   5.1922150e-01   1.4553737e-01  -2.4695859e-01  -2.2184878e+00   2.3381485e+00
   2.0000000e+00  -5.4486823e-01   3.0475650e-01   1.5942253e+00   8.9429226e-01  -5.8432123e-01   2.3537438e-01  -2.1913985e-01   4.8831983e-01   4.7731628e-01  -5.7730419e-01
   2.0000000e+00   6.1820415e-01   3.5158461e-01  -1.3103591e+00  -4.8339814e-01   1.2260806e+00  -4.9060887e-01  -1.5774783e+00   1.0231161e+00  -8.5082408e-01   3.9097785e-01
   2.0000000e+00   6.7482235e-01  -4.2964601e-02   1.6678327e+00  -2.7663171e-02  -1.2811026e+00   7.7523095e-01  -2.3963105e-01   9.0328056e-01   7.5917922e-01   1.5272695e-01
   2.0000000e+00  -1.6210438e+00  -5.1506934e-01   1.0915016e+00  -5.9732534e-01   6.7510213e-01   2.8099547e+00   3.5163050e-01   2.0408290e+00   1.3706524e+00   2.6567063e-01
   1.0000000e+00   1.2500701e+00   3.0759292e-01   1.0304033e-01   1.0483726e+00  -1.1095723e+00   6.3155181e-01  -3.1537186e-02  -5.3470029e-01  -1.0206849e+00   2.2852159e-01
   2.0000000e+00  -1.0846632e+00   7.8642403e-01   1.2169447e+00   3.2325331e-01  -6.3874078e-01  -1.3151877e+00  -8.2586673e-01  -9.3182419e-01   2.9990030e-01   2.4372235e-01
   2.0000000e+00  -4.0736637e-01  -1.2688667e+00   2.8887589e-01   9.8693758e-01   7.3225960e-01   8.5856434e-01  -1.3653951e+00   6.2852872e-01  -2.7504128e-02  -4.4519194e-01
   2.0000000e+00  -1.5801806e+00  -1.5031265e+00  -4.2513463e-01  -1.4225701e+00   2.9367503e-01   9.7695725e-01   3.5388089e-01   4.4792001e-02  -1.9824292e-01  -1.9842681e+00
   2.0000000e+00  -1.4335866e+00   1.0053520e+00   1.0866307e+00  -1.0488690e+00   1.0257009e+00  -8.1755078e-01   3.7176031e-01  -3.0791064e-01   3.4360170e-01  -1.6794221e-01
   2.0000000e+00   9.3398881e-01  -5.4669403e-01   1.4283603e+00  -1.4530740e-01  -1.7280275e-02  -4.1010130e-01  -5.7478958e-01   1.2947053e+00   1.3720134e+00  -4.0031869e-01
   2.0000000e+00   5.0844904e-01  -5.5287502e-02  -6.5975172e-01  -2.3718282e-01   2.6765473e-02   1.5357221e+00  -1.0511744e+00  -3.6509804e-01   6.9512934e-03   6.4214446e-01
   2.0000000e+00  -1.9168450e+00   3.4481232e-01  -1.0932590e+00  -1.7577133e-01   1.0389884e+00   1.1216875e-01  -2.7725422e-01   1.2768051e+00  -1.1083232e+00   2.9099328e-01
   2.0000000e+00  -3.1051720e-01  -1.7173619e+00  -5.9674540e-01  -1.3557156e+00  -1.2873444e+00  -7.7533297e-01  -1.1976462e-01   1.5202855e+00  -1.0224173e+00  -7.8743082e-01
   1.0000000e+00   2.0879869e-02   4.1781418e-01   4.4922989e-01   9.5346141e-01   1.8036257e+00  -3.2436133e-01   9.3363983e-01   9.7305751e-01   7.9303730e-01   5.0390115e-01
   2.0000000e+00  -6.0277455e-01  -3.3560190e-01   1.7933116e+00  -1.7471518e-01   9.6739120e-01   2.3711835e-01   1.1333751e+00  -1.6915610e-01  -3.7585643e-01   7.5124980e-01
   2.0000000e+00   2.0373581e+00   2.4649937e+00   2.4709636e-01   1.5532543e+00   2.1114285e+00   1.1478964e+00  -1.5275268e+00   1.7022785e+00   7.0812345e-01  -6.4176536e-01
   2.0000000e+00  -1.4444195e+00   3.2012898e-01  -2.6657529e-02  -6.3344191e-01  -8.8421803e-01  -6.7911091e-01   2.2071187e-01   1.3120389e+00  -5.0190764e-01   4.2644356e-01
   2.0000000e+00  -9.2888684e-01   1.3626427e+00  -8.8189723e-01  -2.1467060e+00  -1.0395163e+00   5.7644826e-01   5.8505147e-01  -1.9451242e+00  -1.0660425e+00   1.5443110e-01
   2.0000000e+00   1.1111630e+00   1.2173955e+00   5.1933530e-01   2.4463838e-01  -2.3377444e-01   5.6568465e-01   1.1125507e+00  -3.7501405e-01   1.3717400e-01   6.9276378e-01
   2.0000000e+00  -3.2705361e+00   5.9847823e-01   2.0957836e+00   3.3203996e-01   1.2801466e+00   3.9596208e-01  -4.8749312e-01   3.8177642e-01  -1.9554784e+00  -1.1210377e+00
   2.0000000e+00   2.3281179e+00  -4.0312411e-01   8.0824744e-01  -7.9416990e-01   8.0170498e-01  -5.3335839e-01  -1.5474560e+00  -1.0566935e+00  -1.2320823e+00   1.0029184e-01
   2.0000000e+00  -1.7208616e+00   7.6835095e-01  -5.4688279e-01  -2.7783200e-01  -3.6040121e-01  -7.9105840e-01   1.3378802e+00  -3.3523036e-01  -1.1959764e+00  -1.6338183e+00
   2.0000000e+00  -1.4989692e+00   8.9676797e-01  -4.1721527e-01  -5.9202072e-01   4.6397256e-01   1.1011193e+00  -2.7843049e-02   1.6310216e-01   6.9405129e-01  -2.7510434e-01
   2.0000000e+00   1.8860941e+00  -2.7492696e-02  -6.4567254e-01  -7.3699002e-01   5.4536309e-02   1.0803030e+00   8.3494608e-01  -1.4766520e+00   2.6693019e-01   5.2466134e-01
   2.0000000e+00   1.4828319e-01   7.0890486e-01   1.4293315e+00  -2.8666157e-01  -1.6564793e+00  -5.1800223e-01   6.9962655e-01   4.1778168e-02  -7.1263746e-01  -1.5394624e-01
   2.0000000e+00  -7.4555614e-01   1.0851733e+00  -9.1480938e-01   8.3423514e-01   1.2344449e+00  -1.0612369e+00  -8.3608828e-01   2.2543760e-01  -2.1159063e+00  -7.4588177e-01
   2.0000000e+00   8.8516804e-02  -9.1959832e-02  -1.4757930e+00  -1.3798141e+00  -1.8249198e+00  -4.1395088e-01  -6.1608145e-01   2.9760206e+00  -3.6825761e-01   1.4984657e+00
   2.0000000e+00  -4.5065065e-01  -2.4989775e-01  -9.4291266e-01  -1.1294014e-01   9.6940175e-01   2.4482612e-01   7.5799300e-01  -8.3253245e-03   1.1447640e+00  -5.7331343e-02
   2.0000000e+00   2.4162531e-02   2.4573620e+00   1.1402980e+00  -5.6796660e-01  -2.2140706e+00  -5.3785048e-01   1.5427374e-01   1.1880329e-01  -9.2849167e-01  -4.4444452e-01
   2.0000000e+00  -1.2581233e+00   1.8863517e-01  -9.7181370e-02   4.0571818e-01  -2.5378669e+00  -1.6094139e+00   4.5542027e-01  -1.3973683e-01   1.0309564e+00  -2.1431509e+00
   2.0000000e+00   6.8942106e-02  -9.0637031e-01   2.3426265e-01   2.6629906e-01   5.7407748e-01  -7.3187121e-02   2.1467998e-01   9.3594593e-01   2.0175144e+00  -1.4590579e+00
   2.0000000e+00   1.4216590e+00  -1.2838598e+00  -1.6589769e+00   1.3078155e+00  -6.0538918e-01  -8.1460713e-01  -9.7948031e-01   8.2427155e-01  -8.5381370e-01  -9.7767741e-02
   2.0000000e+00  -6.4208110e-01  -3.7263436e-01   2.6556070e+00   1.0659743e+00   1.8343308e-01  -5.4928724e-01   4.8692302e-01   8.3387501e-02   1.5508443e+00  -6.5841386e-01
   1.0000000e+00   1.2944335e+00  -2.9885965e-01   7.6630612e-01  -6.4970216e-01   9.1625810e-01   8.0574814e-01   1.0451305e+00  -9.4671044e-01   3.6113078e-01  -2.0687061e+00
   2.0000000e+00   5.3303188e-01  -1.0238899e+00   7.0587514e-01   7.2331292e-01  -8.2980870e-02   7.3945506e-01   1.2117931e+00  -2.5437627e-01  -5.0235077e-01  -1.3924569e+00
   1.0000000e+00   5.3252544e-01  -3.8269594e-01   1.3755527e-01  -3.4323178e-02  -3.3555926e-01  -7.4731916e-01   3.7013569e-01  -2.9326999e-01   8.6787803e-01   5.0162205e-02
   2.0000000e+00  -1.4304349e+00  -6.7547120e-01  -3.5707166e-01  -4.4031917e-01  -2.1311134e-01  -3.3748096e-01   7.6278811e-01   4.9586161e-01  -9.4580084e-01   9.5939245e-01
   2.0000000e+00  -7.2403539e-02   7.7568114e-01  -6.5094934e-02   1.6837904e-01  -6.8687354e-01  -7.8089500e-02   1.0993074e+00  -3.3814100e-02  -3.0334400e-01  -5.8546059e-01
   2.0000000e+00   1.2548585e+00   8.5074339e-01  -1.6113150e+00   5.1756490e-01  -1.2580025e+00  -1.1914798e+00  -3.4481278e-01   1.6185022e-01  -4.4554915e-01  -1.7098323e+00
   2.0000000e+00  -1.0732985e+00   1.1505288e+00   1.0596914e+00  -1.7162010e-01   4.6904695e-01  -9.1522980e-01  -1.5638757e+00  -1.4086117e+00   4.9233040e-01  -2.0669408e+00
   1.0000000e+00   4.6046047e-01   4.8424333e-01   3.6539646e-01  -7.0551039e-01  -6.5665584e-01  -5.6869342e-01  -3.9387638e-01   1.3591610e+00   4.3432474e-01   1.5507256e+00
   1.0000000e+00  -2.5669231e-01   5.3725354e-02   2.7585370e-01   6.8806224e-02   2.0623752e+00  -6.2516284e-01  -5.0387208e-01   9.8175057e-01   1.1389809e+00   1.5548096e+00
   1.0000000e+00   4.3385622e-01  -4.4099035e-01   4.0257255e-01   1.1416862e+00   1.7437907e-01   9.1566596e-01  -1.5551416e-01  -6.4567956e-01  -1.0302678e+00  -9.7963574e-01
   2.0000000e+00  -5.3512138e-01  -8.7967612e-01  -1.8562442e+00   6.9175837e-01   4.9605090e-01   6.1541456e-02   4.6506215e-01  -5.9081001e-01  -7.8077173e-01   1.9757370e+00
   2.0000000e+00  -7.2118033e-01   6.7950221e-01  -1.5969573e-01  -1.0839565e+00  -3.7470435e-01  -2.2884091e-01  -1.1894033e+00   1.1192056e+00  -1.7153097e+00  -1.3591550e+00
   2.0000000e+00  -2.9315738e-01  -1.5888068e-01  -1.0924006e+00   5.3303297e-01   1.2813364e+00  -8.6981636e-02   3.2857501e-01  -1.0597665e+00   1.4999657e+00  -6.6844317e-01
   2.0000000e+00  -3.0430517e-01  -1.7101477e+00  -1.1321371e+00   2.1206944e-01  -6.7201242e-01  -4.3191533e-02  -1.8291472e-01   6.0579396e-02  -1.1421675e+00  -5.8919896e-01
   1.0000000e+00  -7.9076213e-01   4.7399478e-01   1.2568685e-01   2.6317841e-02   5.5846599e-01  -7.3542876e-01   2.2058956e+00   5.6355922e-02  -1.4191898e+00   6.0814682e-01
   1.0000000e+00   1.0965588e+00   4.8120304e-01   5.4500300e-01  -1.1534953e+00  -3.0245448e-01  -1.2375972e+00  -4.8700358e-02   4.7374762e-01  -7.6382539e-01   1.0931824e+00
   2.0000000e+00  -9.5718429e-01  -1.7083436e+00  -9.2807135e-01   9.9906696e-02   1.2024832e+00  -5.9504124e-02  -1.7556076e+00   1.5881453e+00  -2.3069301e-01   3.8516155e-01
   2.0000000e+00   3.8643120e-01  -1.0028314e+00   4.6978564e-04   1.8294862e-02   1.2876949e+00   3.3520508e-01   7.0278246e-01   3.2204371e-01   9.8072731e-01  -1.9743839e-01
   2.0000000e+00   8.1472464e-01   2.3622024e+00  -1.5155598e+00   9.5463214e-01   1.0594111e+00  -2.7911225e+00  -1.4855631e-01   5.5022029e-02  -2.3256171e-01  -3.7882381e-01
   2.0000000e+00  -1.0155906e+00  -1.3247494e+00  -1.3558717e-02   2.6376570e-01  -8.5725532e-01   7.6356097e-02   6.9163127e-01  -5.0834981e-01   5.0106067e-01  -2.1000003e+00
   2.0000000e+00   4.9081773e-01   7.4017457e-01  -4.1666410e-01  -2.5089106e-02   2.7460711e-01  -2.0019661e-01   1.7198764e-01  -2.7011334e+00  -5.2409199e-01  -7.2019941e-01
   1.0000000e+00  -6.6257436e-01  -3.4385582e-01   1.3367567e-01  -9.7670182e-01   1.3316033e+00  -7.9155296e-01   5.8667917e-01  -5.0311117e-01  -4.9382662e-01   1.6814039e+00
   2.0000000e+00  -7.3606484e-01   1.9023335e-01   1.2515454e+00   2.6023703e-01   5.5523397e-01   1.1357756e+00  -6.6154466e-01  -4.4419359e-02  -6.2355391e-01   3.8444425e-01
   1.0000000e+00  -2.9963900e-01  -6.9734848e-01   1.4293267e-01   5.8744132e-01   1.6747151e-01  -5.5673617e-01  -5.8549460e-01   7.4751296e-01   1.2725171e+00   1.3637155e+00
   2.0000000e+00  -2.5626187e-01   1.6647996e+00  -1.7661674e+00   2.6258834e-01   2.4641259e-01  -1.4013113e+00   1.0375653e+00  -3.1120075e-01  -1.5033212e-01   6.8548499e-01
   2.0000000e+00  -2.1893210e+00   1.5244043e-01   1.2185900e+00   9.3834105e-01   1.7181297e+00   4.8919044e-01  -8.0789416e-01   1.9412155e+00   4.5280802e-01  -2.0238257e-01
   2.0000000e+00  -1.3030338e+00   1.5995670e+00   9.6279154e-01  -6.4326317e-01   3.1985305e-01  -9.2570690e-01  -8.4205174e-01   2.5719732e-01  -3.0539303e-01  -9.0666735e-01
   2.0000000e+00   1.8678108e+00  -1.0508658e+00   8.2219282e-02  -1.3389724e+00   5.0227389e-01   7.3452463e-01  -6.0868067e-01  -3.7326963e-01   2.0085690e+00   2.4597029e-01
   2.0000000e+00   1.5697977e+00  -2.4124623e-01   1.1703109e+00   1.0147835e-01   2.3913675e+00   1.3059112e+00   2.1968410e-01   4.7408812e-01   5.2665307e-01  -9.4956595e-01
   2.0000000e+00  -4.9274968e-01   5.0747347e-01   9.1145147e-01  -1.1918270e+00   1.1463280e+00  -1.4497852e-02  -6.0669611e-01   4.4313311e-01  -1.5395105e-01  -6.2345374e-01
   2.0000000e+00  -4.5280557e-01   1.9291189e+00  -6.2098338e-01   1.0767953e+00  -2.8042444e-01   7.3621191e-01   1.0849576e+00   9.1818849e-01  -6.6878881e-01   2.9525389e+00
   2.0000000e+00   5.3873157e-01   5.7774982e-01   1.0943037e+00  -1.2428980e+00  -4.5655875e-01   1.7975279e+00   3.9125888e-01  -1.4004938e+00  -1.0131872e+00   7.3043933e-01
   1.0000000e+00  -5.4282367e-01  -2.8219428e-01   5.8027195e-01  -5.3940025e-01   3.6709981e-01  -7.8351925e-01  -1.6176013e+00  -1.1896178e+00   1.4703037e+00   2.5508042e+00
   2.0000000e+00   1.0130307e+00  -6.6976071e-01  -1.6462196e-01  -6.8535177e-01  -1.0614928e+00   3.7845674e-01  -2.7253053e-02   7.3852691e-01   4.0559570e-01   1.0305299e+00
   1.0000000e+00   2.3616906e-01   1.7554099e-01   2.3130463e-01  -4.5495266e-01   7.1065832e-01   3.6207122e-01   4.2060178e-01  -1.1516281e+00  -2.8868109e+00  -3.0405764e-01
   2.0000000e+00   1.4999111e+00  -8.4495108e-01  -1.2829852e+00  -5.3616712e-01  -7.5562645e-01  -8.2064781e-01   3.1578829e-02  -1.2802523e+00   1.5358068e+00   1.3097956e+00
   2.0000000e+00   1.4655345e-01  -9.0066749e-01  -2.5066787e-01  -1.3514104e-01  -4.8220786e-01  -1.3311481e-01   8.4131391e-02   5.6219091e-01   1.4165600e+00   3.7067872e-01
   2.0000000e+00   9.1340643e-01  -9.7566055e-01   9.8959032e-01   8.0902108e-01   4.2779918e-01  -4.1232658e-01   1.6349075e+00   2.9044030e-01   5.0631295e-01  -1.7136415e-01
   1.0000000e+00  -4.9085965e-01  -6.0083769e-01   3.8788845e-01  -8.8498226e-01  -1.2389265e+00  -8.1877865e-01   2.1157414e+00   1.3670736e+00  -5.0274697e-01   1.7350428e+00
   2.0000000e+00   8.3087231e-01   1.1048011e+00  -1.3066293e+00   5.2886348e-01   8.5305575e-01   4.7095707e-01   1.0020071e+00   8.1224755e-01  -1.0819170e+00   2.1815857e+00
   2.0000000e+00  -1.3626801e-01   1.3708479e+00   9.1637794e-02   5.1562034e-01   1.3627470e+00   1.2114767e+00   6.7509454e-01  -9.0434541e-01  -7.8042123e-01   1.5882706e-01
   2.0000000e+00   1.1309463e-01   1.4534318e+00  -4.9440204e-01   6.5964994e-01   6.0743465e-01   5.9662206e-01   7.3762427e-01  -1.1419296e+00  -1.9641422e-01  -1.0095660e+00
   2.0000000e+00  -1.3865507e+00   3.2522317e-01  -1.0508432e+00  -6.7683162e-01  -1.0606328e+00   3.1530720e-01  -1.7883624e+00   7.4533261e-01   4.4286682e-01  -1.4100774e+00
   2.0000000e+00   6.8527552e-01  -1.1573450e+00  -1.1087121e-01  -3.7199132e-01  -7.7236311e-01   1.2167495e+00  -7.5290474e-01  -2.1517084e+00   2.9156619e-01  -5.5174415e-01
   2.0000000e+00  -9.0825745e-01  -2.5831591e-01  -9.2089611e-01   9.5806122e-01  -1.1095652e+00  -5.8848453e-01  -3.8717493e-01   1.7467662e-01  -1.2620459e-01   5.5463580e-01
   1.0000000e+00   2.3584838e+00  -4.6599302e-01   5.9525307e-01   1.6084151e+00   6.0343509e-01   2.6625557e+00   1.6011180e+00  -7.5081586e-03   1.7153159e-01  -5.0316138e-01
   2.0000000e+00   1.9837302e+00  -6.2712744e-01  -8.1173152e-01   5.4735416e-01  -1.1189320e+00  -7.4355284e-01   8.4220399e-01  -6.2519771e-01   5.3898461e-01  -1.2918804e+00
   2.0000000e+00  -1.5132226e+00  -4.4993534e-01   9.5882667e-01  -5.0662109e-01  -9.4297350e-01   5.6909827e-01  -9.8519000e-03   5.5727954e-01  -1.1907062e-01  -5.5368503e-01
   2.0000000e+00   6.8006249e-02  -3.5263688e-01   1.4631420e+00  -3.6811912e-01  -1.1484566e+00   8.7272027e-01  -5.4585784e-02  -1.2320373e-01   1.1840870e+00   2.4829812e-01
   2.0000000e+00  -1.7242926e+00   3.2442946e-01  -7.4467070e-01   2.2036502e-01   1.6757557e-01  -4.7746311e-01   4.6986639e-01  -1.5445199e+00   9.9306777e-01   1.7494141e-01
   2.0000000e+00   6.1911580e-01  -3.3625460e-01  -2.5879259e-01   4.4407789e-01   8.2401419e-01  -5.0635574e-01   7.3004342e-01  -9.1903647e-01   3.6022215e-01  -4.8631325e-01
   2.0000000e+00   1.2129062e+00   1.5259028e+00  -5.4301429e-01   9.8462774e-01   2.9044665e-01   3.0364299e-01   5.0267854e-02   1.1898493e+00  -3.8833126e-01   1.1817983e+00
   2.0000000e+00   7.1681663e-01  -1.5722462e-01  -1.5368430e+00   8.2832199e-01   1.4210096e+00   5.2189275e-01   1.4809088e-01   1.0453452e-01   1.1273853e+00  -7.5276578e-01
   2.0000000e+00   5.2283912e-01  -1.9937436e+00   7.6332797e-01   2.9388640e-01  -1.0885070e+00  -1.4850071e+00  -1.5550949e+00  -1.3484307e+00   6.2534091e-02   1.5387379e+00
   2.0000000e+00   1.3146682e+00  -3.2518547e-01  -6.6634092e-01   2.6666248e-01   8.0648109e-01   2.0803676e-01   1.5514716e+00  -9.4080350e-01  -1.1524901e+00   8.2021514e-01
   2.0000000e+00   2.6020151e-01   7.3969567e-02  -2.3833714e-01  -1.4568533e+00  -5.4799217e-01   3.5957676e-01  -5.3682977e-01   8.7806005e-01   4.6174221e-01   1.0216895e+00
   2.0000000e+00  -2.3210653e-01  -9.0583706e-01   4.5130098e-01  -3.5788025e-02  -8.5603939e-01   6.8708419e-01  -5.4930146e-01  -2.8118010e-01  -1.1905053e+00  -1.1401606e+00
   2.0000000e+00   7.5492071e-01  -1.0851048e+00  -1.1659847e+00   1.2203934e+00  -9.3921658e-01  -1.0181418e+00   1.4280988e+00  -1.0655148e+00   6.5108250e-01   7.8692047e-01
   2.0000000e+00  -9.6131442e-01   9.3118437e-01  -9.1236410e-01  -1.2764175e+00   4.0978082e-01  -2.2560488e+00  -1.0190900e-01   3.2740839e-01   4.1484054e-01   4.2052307e-02
   1.0000000e+00  -1.4517465e-01  -7.7841947e-01   9.3583614e-02  -1.6222748e-01   1.5178677e+00  -1.8077803e+00  -4.5387819e-01   7.8916858e-02  -2.5252246e-01  -8.3522897e-01
   2.0000000e+00  -3.7476401e-01  -1.3997251e+00  -1.5398013e+00   7.7995204e-01   1.7354533e+00   2.8732581e-01   2.5952011e-01   1.2632046e-01  -5.6544466e-01   6.8983248e-01
   2.0000000e+00   1.6161018e+00   1.4269722e+00   2.3439751e-01   5.4049149e-01   2.8948509e-01   1.3849255e+00  -8.0634962e-01  -4.1424172e-01  -3.2194312e-01   9.6547451e-01
   2.0000000e+00  -1.1506429e+00   8.5742918e-01   3.3792212e-01  -6.3320579e-01  -1.7332384e+00   1.4020561e+00  -3.8245915e-01   5.0158057e-01   2.4074413e-01   1.6886883e+00
   1.0000000e+00   2.2014037e+00   4.3142558e-01   2.3760216e-01   7.2002385e-01  -1.4309294e+00   2.7647296e-01  -1.2532376e+00   4.5183556e-01   5.4208403e-01  -3.3851906e-01
   2.0000000e+00  -1.0609919e+00  -1.1004673e+00  -8.6705511e-01   1.9831358e+00   5.6725423e-01   7.7103427e-01   9.8594149e-01  -2.1586451e+00   8.9491153e-02   7.3574326e-01
   2.0000000e+00   4.8019248e-01   5.3568977e-01  -3.0412346e-01  -1.6074654e-01   3.0543815e-01   8.3528384e-01  -4.1634634e-01  -1.6338281e+00  -2.2140043e+00  -7.0866864e-01
   2.0000000e+00  -3.8894482e-01   8.1747299e-01  -1.1004652e+00  -4.7778032e-01   5.1284250e-01   5.7056610e-02   9.6300711e-01  -1.8382670e+00  -4.1354319e-01  -2.8176490e-01
   2.0000000e+00   3.1599378e+00   1.1969659e+00  -1.7566176e+00   6.4348390e-01  -1.0187023e+00  -3.3292459e-01   3.5611848e-01  -6.7638706e-01   1.5573814e+00  -1.9486306e+00
   2.0000000e+00  -1.7379432e-01  -1.5334849e+00   5.9929625e-01   7.1803174e-01   8.8025167e-01   7.5327338e-01   1.2591758e+00  -3.4432110e-01   4.8554126e-01  -6.8441226e-02
   2.0000000e+00   6.8734940e-01   1.5249131e+00  -1.6517929e-01  -7.2037160e-01  -1.0040871e-01  -1.0580688e-01   1.3396388e+00   4.8896748e-01  -2.4482131e-02   7.5700637e-01
   2.0000000e+00   1.9429671e-01  -1.2258495e+00  -2.0669001e-01  -1.2622385e+00   4.6536783e-01   4.3670643e-01   6.0893857e-01   1.4242507e+00   6.0903395e-01  -2.9703472e-02
   2.0000000e+00   2.4308578e-01  -5.1820585e-01   8.8151468e-01  -3.6132463e-01  -1.0897287e+00   4.7049234e-01  -1.1405718e+00   2.1673795e-01  -9.9012401e-01   1.1850342e+00
   2.0000000e+00   6.5618172e-01   6.5174159e-01  -9.1299144e-01  -1.1109549e+00  -1.2613598e+00   2.1560566e+00  -8.5122620e-01   3.4560567e-01  -9.3829738e-01   1.4728588e+00
   1.0000000e+00   6.8931220e-01  -7.4132206e-01   3.0531876e-01  -2.7960204e+00   3.6046583e-01   1.5001882e+00   6.3049652e-01  -5.7846653e-01  -1.6478412e+00   4.8552756e-01
   2.0000000e+00   2.1342109e-01   1.7654864e+00  -6.1509169e-01  -5.9628982e-01   1.0709265e+00  -1.0635512e+00  -1.2446008e-01  -2.1492490e-01  -2.0535206e-01  -1.5783858e+00
   2.0000000e+00   9.4033349e-01   1.8476483e-01   1.3696796e+00  -1.3698604e-01  -8.7106468e-01  -4.7712127e-01   2.2674626e-01   1.0167857e+00   3.4041126e-01   1.0248671e+00
   2.0000000e+00  -9.0194462e-01   1.2547949e-01  -7.0568997e-01   2.8374948e-01   1.0144708e+00   2.3358146e+00  -4.5383186e-01   5.0494164e-01  -1.0217828e+00  -4.5329252e-01
   2.0000000e+00  -1.4362509e-01   1.9721840e+00   1.8297877e+00  -1.1447089e+00  -1.3863305e+00  -1.1940647e+00   3.7798590e-02  -8.1394038e-01  -3.6993877e-01   2.6889620e-01
   2.0000000e+00   3.4264661e-02   2.7315922e-01   1.0394149e+00  -3.7350861e-01   8.6262144e-01  -5.8564991e-01   4.1522997e-01   2.4591516e+00  -1.3377168e+00  -1.3977379e+00
   2.0000000e+00   4.9727650e-01  -1.5397069e+00   8.0970994e-01   1.1254467e+00  -1.5562774e+00   5.4862565e-01  -1.9554518e+00   1.6503092e+00  -4.1037525e-01  -6.8279425e-01
   2.0000000e+00  -2.6078445e-01   2.0409165e+00   1.2729305e+00  -1.2264553e+00  -5.8681983e-01   8.1339713e-01  -8.8546084e-01  -4.3225198e-01   1.4151866e+00  -1.3099202e+00
   2.0000000e+00  -9.0791520e-01  -4.1587547e-01   1.6606046e+00   1.9223047e-02  -7.2218710e-01  -1.6129928e+00   1.3884390e+00   5.5238717e-01  -1.2004114e+00   8.2669577e-02
   2.0000000e+00   1.3378643e+00   1.3663656e+00  -6.7317547e-01  -5.8718118e-01   3.1768712e-01  -1.0451256e-01   3.8414602e-01  -6.1862535e-02  -6.3412183e-01  -9.1854849e-01
   2.0000000e+00  -7.9524835e-01  -6.1885015e-01  -2.8613882e-01   4.1343424e-01   6.0248959e-01   1.3968623e-02   3.1691715e-01   6.2862888e-01   1.0326911e+00  -1.3319251e+00
   2.0000000e+00  -9.9283866e-01   2.4565439e-01  -8.3344523e-01   3.6168346e-01  -7.2777974e-01   1.2437118e+00  -8.1117155e-01   6.8455937e-01   6.9239095e-01  -5.8839420e-02
   2.0000000e+00   9.0942050e-01   9.0504516e-01   4.5654549e-01   3.9165866e-02   5.5057994e-01  -1.7239058e+00   1.6474309e-01   7.8132772e-01   1.2578159e+00   3.3784383e-01
   1.0000000e+00   9.3468377e-01  -8.1127699e-01   2.0769234e-01  -5.5353028e-01   1.9805372e+00   1.5641340e+00   8.4496679e-01  -1.0696641e-01   3.1459291e-01   1.5230866e+00
   2.0000000e+00   2.4398661e+00   4.6340226e-01  -1.7975315e+00  -1.2002525e+00   1.0594205e+00   4.5210586e-01   2.2861277e-01   1.9517305e+00   4.6808579e-01   2.1981152e+00
   1.0000000e+00   4.5747196e-01  -8.5676272e-01   2.3279389e-01  -7.1291098e-01   1.1273208e+00  -4.2333229e-01   1.4075802e-01  -1.0106512e+00  -7.9892525e-01   6.4391658e-01
   2.0000000e+00   1.4438885e+00   1.5282598e+00  -3.3732135e-01   6.1025493e-01  -3.0910778e-01  -1.0541084e+00  -2.2403004e-01  -6.3201479e-01  -2.1467265e+00  -7.3007744e-01
   2.0000000e+00  -7.0690531e-01   2.4308833e+00  -6.5102726e-01   4.2207950e-01   1.7532087e-01   5.4712984e-01   8.0764798e-01  -1.4250826e-01  -1.2611709e+00   1.9392099e+00
   2.0000000e+00   6.2048852e-01  -9.6950132e-02  -1.5051846e+00   1.6032931e+00   2.1415301e-01  -9.6431369e-02  -4.5171863e-02  -9.3673819e-01   1.6029700e+00   1.0938038e-01
   2.0000000e+00   1.4086021e+00  -1.0632280e+00   1.6376115e+00  -1.2639187e+00   1.1355636e+00  -7.7638554e-01   1.3784164e-01   3.7722809e-01   6.5993351e-02   1.2669963e+00
   1.0000000e+00   5.2744772e-01  -7.4828949e-01   2.9841892e-01   8.9291230e-01  -5.0445674e-01  -1.6728587e+00   9.7778078e-02  -4.7591546e-01   8.7527114e-01   2.9450027e-01
   2.0000000e+00   1.2453360e+00  -5.0220979e-01   7.8162444e-01   1.0208573e+00  -4.2182227e-01   6.4455497e-01   7.3197026e-01  -4.4567113e-01   6.3856316e-01  -8.5645704e-01
   1.0000000e+00  -7.3194946e-01   2.0589212e-02   3.2892126e-02  -1.4882890e+00   3.7049395e-01  -1.3525167e+00   1.0157214e-01  -1.8675232e-01   2.3253893e+00  -1.1209370e+00
   2.0000000e+00   1.2378867e+00  -1.6600249e+00   1.4011859e+00   2.6723596e+00   4.5886258e-01  -3.3709322e-01   8.2851361e-01   1.5667729e+00  -4.3814515e-02   1.0683925e-01
   2.0000000e+00   1.2674525e+00  -6.8443017e-01  -9.1208631e-01  -8.6018967e-01  -1.3622518e+00   3.5158737e-01   1.9563900e-01  -1.8397752e+00  -2.9501298e-03   7.2731484e-02
   2.0000000e+00  -4.5193667e-01   2.4584035e+00  -8.9150278e-01  -6.6821961e-01  -7.5045533e-01   1.0602294e-01   5.8111388e-01   4.9790068e-01   8.1296077e-01  -1.5715469e+00
   1.0000000e+00   8.9792626e-02   6.4850974e-01   4.2793111e-01   6.6115214e-01  -1.2820832e+00  -4.1893621e-01  -1.1597026e+00   1.6327997e-02  -8.0836034e-01   5.1570539e-02
   2.0000000e+00   3.0887926e-01   1.4208526e+00   1.3252810e+00   4.9014586e-01  -7.7714282e-01   3.0761920e-01  -2.9323830e-01   7.4940911e-01   1.9177542e-01  -1.0044824e+00
   2.0000000e+00   4.2509454e-03  -3.1244956e-01  -1.5729617e+00  -1.5636432e+00  -2.6187193e-01  -1.1473026e+00  -1.0497510e+00   6.6390017e-01  -9.7052771e-01  -6.7553220e-01
   2.0000000e+00   3.8230443e-01  -6.0770287e-01  -1.1870468e+00  -5.2757213e-01   2.5472257e-01  -1.2497555e-01  -2.3500275e-02  -2.7399040e-01   8.7366676e-01  -2.1002521e-01
   2.0000000e+00   5.8418226e-02  -4.7843382e-01   1.2896793e+00  -7.8297253e-01  -1.1990445e-01   1.3259237e+00   9.5056993e-03  -6.9227350e-01  -3.4683662e-01  -8.1755080e-01
   2.0000000e+00  -1.1631829e+00   6.5211274e-01   1.6706869e+00  -1.3397792e+00   1.6811120e+00  -7.3367163e-01   2.4054581e+00  -8.2789700e-01   9.5939017e-01  -5.5536412e-01
   2.0000000e+00  -3.9550210e-02   5.9101363e-01  -9.7083802e-01  -1.0481955e+00  -1.0380892e+00  -9.1284913e-01   8.2186106e-01  -1.1521624e+00   1.5452917e-01  -1.6858314e+00
   2.0000000e+00  -1.2867890e-01  -1.1987929e+00  -7.7163410e-01   1.2837519e+00   4.9474340e-01   6.1620367e-01   1.6990512e+00   1.1598008e-01  -3.4581606e-01  -2.5662761e+00
   2.0000000e+00   9.7540901e-02  -1.8365458e+00  -1.9063692e+00  -1.8517678e+00   3.5414983e-01  -1.9167269e+00  -4.4629681e-01  -1.8272655e+00   2.2030263e-01  -2.1171803e-02
   2.0000000e+00  -2.5571410e-01   1.3657394e+00  -1.7232726e+00   8.0840209e-01   5.1391158e-01   3.7455081e-01   1.6299874e+00  -1.0618912e+00   4.9906948e-01   2.4790661e+00
   1.0000000e+00  -1.4248876e+00   6.0350638e-01   7.8708393e-03  -2.3869925e+00  -1.2009067e-02   7.7493463e-01   6.8911958e-01  -5.3619391e-01   3.4525547e-01  -1.8632932e-01
   2.0000000e+00  -6.7467697e-01  -6.4889306e-01  -1.4247915e+00  -1.9493400e+00   6.1955912e-02  -4.0279040e-01   1.5674322e+00   1.5700314e-01   2.2546384e-01  -1.1995539e+00
   2.0000000e+00  -1.3113251e-02   1.4507119e+00  -4.4720600e-02  -5.1490700e-01  -1.5882145e-01   5.2023608e-01  -2.8251012e-01   8.8429805e-01  -4.1088277e-01   7.9894626e-01
   2.0000000e+00   1.2740567e-01   1.3146428e+00   3.4886873e-01  -5.9467787e-01   5.5067400e-01   1.0370071e+00  -2.2798504e-01   4.4410500e-01  -6.0555290e-01   1.6327805e+00
   1.0000000e+00   9.2376447e-01  -8.9246923e-01   6.5233299e-02  -2.1965884e-01  -1.3283733e+00   1.4039893e+00  -1.8130505e+00   2.8068160e-01   1.6194314e-01  -1.0816864e-01
   2.0000000e+00  -6.1447662e-01  -1.0730760e+00  -8.3754692e-01   8.0587812e-01   2.0877276e+00   7.1772645e-01  -2.9631294e+00  -5.7274181e-01   2.1918311e+00  -6.4186981e-01
   2.0000000e+00  -1.2100676e+00   9.4105538e-01   4.2807461e-01   4.1395596e-02  -3.2508625e-01  -5.3206935e-01   3.2655959e-01   1.0505258e+00   1.6288605e+00  -3.8234670e-01
   1.0000000e+00   2.9263433e+00  -5.5120665e-02   5.4077708e-01   1.2737476e+00  -1.0832971e+00  -2.0947141e+00   3.5488574e+00   3.5770063e-01   4.2784071e-01  -1.2995549e+00
   2.0000000e+00   8.4929233e-01  -1.7130517e+00  -3.6588365e-01   8.1675824e-01  -1.3712711e+00   3.8657096e-01   6.0032220e-01   5.5336970e-01  -1.4037044e+00  -1.5936764e+00
   2.0000000e+00   1.4450630e+00  -9.5606720e-01  -1.4075507e+00   1.1990173e+00  -1.4324809e+00   1.8205505e+00   3.4526930e-01  -4.6734749e-01  -1.2270706e+00  -6.1309382e-01
   2.0000000e+00  -5.8860168e-01   1.3892112e+00  -2.6245266e-01   5.4110992e-01   1.0571183e+00   4.6561575e-01  -8.8861013e-01   6.7767291e-01   7.7832003e-02  -1.5481699e-01
   2.0000000e+00  -8.2875469e-02  -1.7388738e+00   1.2378346e+00   4.2918792e-01  -6.1570739e-03  -7.1185152e-01  -2.1393091e+00  -9.3007042e-01   4.1151753e-01   3.3857355e-01
   2.0000000e+00  -1.0310169e+00  -1.9526442e+00   3.3839768e-01   4.9355797e-01  -8.8403389e-01   1.7832684e+00  -4.1770006e-01  -4.2012892e-01   1.5885302e-01   3.2867554e-01
   1.0000000e+00  -2.8906170e-01   1.8365926e-02   5.1269425e-01  -7.4217248e-01  -5.6450897e-01  -1.7221326e+00  -1.5900016e+00  -3.5567048e-01   1.5137476e+00  -4.3911689e-01
   2.0000000e+00   3.7951961e-01  -1.5536482e+00  -7.8396671e-01  -7.4244074e-01   5.1895676e-01   2.5986229e+00  -1.6214214e-01  -1.5938383e+00   2.0295304e-02   9.5090821e-01
   2.0000000e+00  -9.5605518e-01  -9.4651753e-01  -6.7951918e-01  -7.0503167e-01  -1.4300865e+00   6.3704420e-01  -3.6499362e-01   7.7794031e-01  -1.4078918e+00  -3.3284127e-01
   2.0000000e+00   6.2147496e-01   5.1090547e-01   1.2783737e+00  -1.2208599e-01   1.9230958e+00   1.2024470e+00  -3.1155693e-01  -9.9202978e-01  -2.7169594e-01  -5.5812950e-01
   2.0000000e+00   1.7441334e+00  -4.1948212e-01   6.3815582e-01  -6.0763241e-01   1.6185564e+00   3.0782642e-01  -4.2750139e-01   1.9897235e+00   2.1911403e-01  -8.2706651e-01
   1.0000000e+00  -8.5468910e-01   1.3167155e-01   3.9044158e-02  -3.5036175e-01   6.9736195e-02  -9.0369695e-01   2.8133469e-01  -6.1644606e-01  -5.5725594e-02   1.4099205e-01
   2.0000000e+00  -2.8857541e-01  -1.3524456e+00   6.9991746e-01   1.6671223e+00   3.0652932e-01   2.2349567e-01   2.0307359e+00   1.2488690e+00  -6.3803760e-01   1.4246504e+00
   2.0000000e+00   7.8129419e-01   1.3502534e+00   2.0116555e-01  -1.2429449e+00   1.5619517e-01  -2.1344548e-01  -6.2394577e-01  -3.6867358e-01   4.2038392e-01   9.8960031e-02
   2.0000000e+00  -4.3668288e-01   1.6739626e+00   6.3351286e-01  -3.3738700e-02  -2.0918590e+00   2.0885388e-01   7.9861532e-01  -1.2854398e-02   5.3063128e-01   7.7011701e-01
   2.0000000e+00  -8.4703369e-01  -1.0443157e-01   1.6175528e+00  -1.2710026e-01  -9.9203992e-01  -6.3672973e-01  -6.1328704e-01  -8.4148884e-01   4.3011606e-01   4.3177455e-01